1 0.70867
2 0.708577
3 0.708485
4 0.708393
5 0.708301
6 0.708209
7 0.708119
8 0.708029
9 0.707939
10 0.70785
11 0.707761
12 0.707673
13 0.707586
14 0.707499
15 0.707413
16 0.707328
17 0.707243
18 0.70716
19 0.707077
20 0.706995
21 0.706914
22 0.706833
23 0.706754
24 0.706675
25 0.706598
26 0.706521
27 0.706445
28 0.706369
29 0.706294
30 0.706221
31 0.706149
32 0.706078
33 0.706007
34 0.705937
35 0.705868
36 0.7058
37 0.705733
38 0.705667
39 0.705602
40 0.705538
41 0.705475
42 0.705413
43 0.705352
44 0.705292
45 0.705234
46 0.705177
47 0.705121
48 0.705066
49 0.705013
50 0.70496
51 0.704909
52 0.70486
53 0.704811
54 0.704764
55 0.704718
56 0.704674
57 0.704631
58 0.704589
59 0.704549
60 0.704511
61 0.704474
62 0.704439
63 0.704405
64 0.704373
65 0.704342
66 0.704313
67 0.704285
68 0.704259
69 0.704235
70 0.704212
71 0.70419
72 0.704171
73 0.704153
74 0.704136
75 0.704122
76 0.704109
77 0.704098
78 0.704089
79 0.704081
80 0.704075
81 0.704071
82 0.704069
83 0.704068
84 0.704069
85 0.704071
86 0.704075
87 0.704081
88 0.704088
89 0.704097
90 0.704108
91 0.70412
92 0.704134
93 0.704149
94 0.704165
95 0.704184
96 0.704203
97 0.704223
98 0.704244
99 0.704265
100 0.704288
101 0.704311
102 0.704336
103 0.70436
104 0.704385
105 0.704411
106 0.704437
107 0.704463
108 0.704489
109 0.704515
110 0.704542
111 0.704568
112 0.704594
113 0.70462
114 0.704646
115 0.704671
116 0.704696
117 0.70472
118 0.704743
119 0.704766
120 0.704788
121 0.70481
122 0.70483
123 0.70485
124 0.704868
125 0.704886
126 0.704902
127 0.704918
128 0.704933
129 0.704945
130 0.704956
131 0.704966
132 0.704974
133 0.704981
134 0.704987
135 0.704992
136 0.704995
137 0.704997
138 0.704997
139 0.704997
140 0.704995
141 0.704991
142 0.704987
143 0.704981
144 0.704973
145 0.704965
146 0.704954
147 0.704942
148 0.704929
149 0.704914
150 0.704898
151 0.70488
152 0.704862
153 0.704842
154 0.70482
155 0.704797
156 0.704773
157 0.704747
158 0.70472
159 0.704692
160 0.704663
161 0.704632
162 0.704599
163 0.704565
164 0.70453
165 0.704492
166 0.704453
167 0.704413
168 0.704372
169 0.704329
170 0.704284
171 0.704239
172 0.704192
173 0.704144
174 0.704094
175 0.704043
176 0.703991
177 0.703937
178 0.703883
179 0.703826
180 0.703768
181 0.703709
182 0.703647
183 0.703584
184 0.70352
185 0.703454
186 0.703388
187 0.703319
188 0.703249
189 0.703177
190 0.703104
191 0.70303
192 0.702954
193 0.702877
194 0.702799
195 0.702719
196 0.702638
197 0.702555
198 0.702471
199 0.702386
200 0.7023
201 0.702212
202 0.702123
203 0.702033
204 0.701942
205 0.70185
206 0.701757
207 0.701662
208 0.701567
209 0.701471
210 0.701373
211 0.701274
212 0.701174
213 0.701073
214 0.700971
215 0.700868
216 0.700764
217 0.700659
218 0.700552
219 0.700445
220 0.700336
221 0.700226
222 0.700116
223 0.700004
224 0.699891
225 0.699777
226 0.699663
227 0.699548
228 0.699431
229 0.699314
230 0.699197
231 0.699079
232 0.69896
233 0.69884
234 0.698719
235 0.698597
236 0.698474
237 0.69835
238 0.698225
239 0.698099
240 0.697972
241 0.697845
242 0.697716
243 0.697587
244 0.697457
245 0.697326
246 0.697194
247 0.697061
248 0.696928
249 0.696793
250 0.696658
251 0.696522
252 0.696385
253 0.696248
254 0.696109
255 0.69597
256 0.695831
257 0.69569
258 0.69555
259 0.695408
260 0.695266
261 0.695124
262 0.69498
263 0.694836
264 0.694691
265 0.694546
266 0.694401
267 0.694255
268 0.694108
269 0.693961
270 0.693813
271 0.693665
272 0.693516
273 0.693367
274 0.693218
275 0.693068
276 0.692917
277 0.692766
278 0.692614
279 0.692461
280 0.692308
281 0.692155
282 0.692001
283 0.691848
284 0.691694
285 0.69154
286 0.691385
287 0.691231
288 0.691076
289 0.690922
290 0.690767
291 0.690613
292 0.690458
293 0.690303
294 0.690148
295 0.689993
296 0.689838
297 0.689682
298 0.689526
299 0.689369
300 0.689213
301 0.689056
302 0.688899
303 0.688743
304 0.688587
305 0.68843
306 0.688274
307 0.688118
308 0.687962
309 0.687806
310 0.68765
311 0.687494
312 0.687339
313 0.687183
314 0.687028
315 0.686873
316 0.686718
317 0.686563
318 0.686408
319 0.686254
320 0.6861
321 0.685946
322 0.685793
323 0.685639
324 0.685486
325 0.685334
326 0.685181
327 0.685029
328 0.684878
329 0.684726
330 0.684575
331 0.684424
332 0.684273
333 0.684122
334 0.683972
335 0.683822
336 0.683672
337 0.683522
338 0.683372
339 0.683223
340 0.683074
341 0.682925
342 0.682777
343 0.682629
344 0.682481
345 0.682334
346 0.682186
347 0.682039
348 0.681892
349 0.681745
350 0.681599
351 0.681453
352 0.681307
353 0.681162
354 0.681017
355 0.680872
356 0.680728
357 0.680584
358 0.68044
359 0.680296
360 0.680153
361 0.680011
362 0.679868
363 0.679727
364 0.679585
365 0.679443
366 0.679302
367 0.679161
368 0.67902
369 0.678879
370 0.678739
371 0.678598
372 0.678458
373 0.678318
374 0.678178
375 0.678038
376 0.677898
377 0.677758
378 0.677618
379 0.677477
380 0.677337
381 0.677197
382 0.677057
383 0.676916
384 0.676776
385 0.676636
386 0.676495
387 0.676355
388 0.676214
389 0.676073
390 0.675932
391 0.675791
392 0.67565
393 0.675508
394 0.675367
395 0.675225
396 0.675084
397 0.674942
398 0.674799
399 0.674657
400 0.674515
401 0.674372
402 0.67423
403 0.674088
404 0.673945
405 0.673803
406 0.67366
407 0.673518
408 0.673375
409 0.673232
410 0.673089
411 0.672946
412 0.672802
413 0.672659
414 0.672515
415 0.672372
416 0.672228
417 0.672085
418 0.671941
419 0.671797
420 0.671653
421 0.671509
422 0.671365
423 0.67122
424 0.671076
425 0.670931
426 0.670786
427 0.670641
428 0.670495
429 0.67035
430 0.670204
431 0.670058
432 0.669911
433 0.669765
434 0.669619
435 0.669473
436 0.669326
437 0.66918
438 0.669033
439 0.668886
440 0.668739
441 0.668592
442 0.668444
443 0.668297
444 0.668149
445 0.668002
446 0.667854
447 0.667706
448 0.667558
449 0.66741
450 0.667262
451 0.667114
452 0.666965
453 0.666816
454 0.666667
455 0.666518
456 0.666368
457 0.666218
458 0.666068
459 0.665918
460 0.665767
461 0.665616
462 0.665464
463 0.665313
464 0.665161
465 0.665008
466 0.664856
467 0.664703
468 0.66455
469 0.664396
470 0.664242
471 0.664087
472 0.663932
473 0.663777
474 0.663622
475 0.663466
476 0.66331
477 0.663153
478 0.662996
479 0.662839
480 0.662681
481 0.662523
482 0.662364
483 0.662205
484 0.662046
485 0.661886
486 0.661726
487 0.661565
488 0.661405
489 0.661244
490 0.661083
491 0.660921
492 0.660759
493 0.660597
494 0.660434
495 0.660271
496 0.660107
497 0.659943
498 0.659779
499 0.659614
500 0.659449
501 0.659283
502 0.659117
503 0.658951
504 0.658784
505 0.658616
506 0.658448
507 0.65828
508 0.658111
509 0.657941
510 0.657771
511 0.6576
512 0.657429
513 0.657258
514 0.657086
515 0.656914
516 0.656742
517 0.656569
518 0.656395
519 0.656221
520 0.656047
521 0.655872
522 0.655697
523 0.655521
524 0.655345
525 0.655168
526 0.654991
527 0.654814
528 0.654636
529 0.654458
530 0.654279
531 0.6541
532 0.65392
533 0.65374
534 0.65356
535 0.65338
536 0.653199
537 0.653018
538 0.652837
539 0.652655
540 0.652473
541 0.65229
542 0.652107
543 0.651924
544 0.65174
545 0.651557
546 0.651372
547 0.651188
548 0.651003
549 0.650819
550 0.650633
551 0.650448
552 0.650262
553 0.650076
554 0.64989
555 0.649704
556 0.649517
557 0.64933
558 0.649143
559 0.648955
560 0.648768
561 0.64858
562 0.648391
563 0.648203
564 0.648014
565 0.647825
566 0.647636
567 0.647447
568 0.647258
569 0.647068
570 0.646879
571 0.646689
572 0.646499
573 0.646309
574 0.646119
575 0.645929
576 0.645738
577 0.645548
578 0.645357
579 0.645166
580 0.644975
581 0.644784
582 0.644593
583 0.644401
584 0.64421
585 0.644018
586 0.643826
587 0.643635
588 0.643443
589 0.643251
590 0.643059
591 0.642867
592 0.642675
593 0.642483
594 0.642291
595 0.642099
596 0.641907
597 0.641714
598 0.641522
599 0.64133
600 0.641138
601 0.640946
602 0.640753
603 0.640561
604 0.640369
605 0.640177
606 0.639985
607 0.639793
608 0.639602
609 0.63941
610 0.639218
611 0.639026
612 0.638835
613 0.638643
614 0.638452
615 0.63826
616 0.638069
617 0.637878
618 0.637687
619 0.637496
620 0.637305
621 0.637114
622 0.636923
623 0.636733
624 0.636542
625 0.636352
626 0.636162
627 0.635972
628 0.635783
629 0.635593
630 0.635404
631 0.635215
632 0.635026
633 0.634837
634 0.634648
635 0.63446
636 0.634272
637 0.634084
638 0.633896
639 0.633708
640 0.633521
641 0.633334
642 0.633147
643 0.63296
644 0.632773
645 0.632587
646 0.632401
647 0.632215
648 0.63203
649 0.631844
650 0.631659
651 0.631474
652 0.63129
653 0.631106
654 0.630922
655 0.630738
656 0.630554
657 0.630371
658 0.630188
659 0.630006
660 0.629823
661 0.629641
662 0.629459
663 0.629278
664 0.629097
665 0.628916
666 0.628735
667 0.628555
668 0.628375
669 0.628195
670 0.628016
671 0.627836
672 0.627657
673 0.627479
674 0.627301
675 0.627123
676 0.626945
677 0.626768
678 0.626591
679 0.626415
680 0.626239
681 0.626063
682 0.625887
683 0.625712
684 0.625537
685 0.625363
686 0.625189
687 0.625015
688 0.624841
689 0.624668
690 0.624495
691 0.624323
692 0.624151
693 0.623979
694 0.623808
695 0.623637
696 0.623466
697 0.623296
698 0.623126
699 0.622956
700 0.622787
701 0.622618
702 0.62245
703 0.622282
704 0.622114
705 0.621947
706 0.62178
707 0.621613
708 0.621447
709 0.621281
710 0.621115
711 0.62095
712 0.620785
713 0.620621
714 0.620457
715 0.620294
716 0.62013
717 0.619967
718 0.619805
719 0.619643
720 0.619481
721 0.61932
722 0.619159
723 0.618998
724 0.618838
725 0.618678
726 0.618519
727 0.61836
728 0.618201
729 0.618043
730 0.617885
731 0.617727
732 0.61757
733 0.617413
734 0.617257
735 0.617101
736 0.616945
737 0.61679
738 0.616635
739 0.616481
740 0.616327
741 0.616173
742 0.61602
743 0.615867
744 0.615715
745 0.615563
746 0.615411
747 0.61526
748 0.615109
749 0.614958
750 0.614808
751 0.614659
752 0.614509
753 0.61436
754 0.614212
755 0.614064
756 0.613916
757 0.613768
758 0.613621
759 0.613475
760 0.613329
761 0.613183
762 0.613037
763 0.612892
764 0.612748
765 0.612603
766 0.612459
767 0.612316
768 0.612173
769 0.61203
770 0.611887
771 0.611745
772 0.611604
773 0.611462
774 0.611322
775 0.611181
776 0.611041
777 0.610901
778 0.610762
779 0.610623
780 0.610484
781 0.610346
782 0.610208
783 0.61007
784 0.609933
785 0.609796
786 0.60966
787 0.609524
788 0.609388
789 0.609253
790 0.609118
791 0.608983
792 0.608849
793 0.608715
794 0.608581
795 0.608448
796 0.608316
797 0.608183
798 0.608051
799 0.607919
800 0.607788
801 0.607657
802 0.607527
803 0.607396
804 0.607266
805 0.607137
806 0.607008
807 0.606879
808 0.606751
809 0.606622
810 0.606495
811 0.606367
812 0.60624
813 0.606114
814 0.605988
815 0.605862
816 0.605736
817 0.605611
818 0.605486
819 0.605361
820 0.605237
821 0.605113
822 0.60499
823 0.604867
824 0.604744
825 0.604622
826 0.6045
827 0.604378
828 0.604257
829 0.604136
830 0.604015
831 0.603895
832 0.603775
833 0.603655
834 0.603536
835 0.603417
836 0.603299
837 0.60318
838 0.603063
839 0.602945
840 0.602828
841 0.602712
842 0.602595
843 0.602479
844 0.602364
845 0.602249
846 0.602134
847 0.602019
848 0.601905
849 0.601791
850 0.601678
851 0.601565
852 0.601452
853 0.60134
854 0.601228
855 0.601116
856 0.601005
857 0.600894
858 0.600783
859 0.600673
860 0.600563
861 0.600453
862 0.600344
863 0.600235
864 0.600127
865 0.600018
866 0.59991
867 0.599803
868 0.599696
869 0.599589
870 0.599482
871 0.599376
872 0.59927
873 0.599164
874 0.599059
875 0.598954
876 0.59885
877 0.598745
878 0.598642
879 0.598538
880 0.598435
881 0.598332
882 0.598229
883 0.598127
884 0.598025
885 0.597923
886 0.597822
887 0.597721
888 0.597621
889 0.59752
890 0.59742
891 0.597321
892 0.597222
893 0.597123
894 0.597024
895 0.596926
896 0.596828
897 0.59673
898 0.596633
899 0.596536
900 0.596439
901 0.596342
902 0.596246
903 0.59615
904 0.596055
905 0.59596
906 0.595865
907 0.595771
908 0.595676
909 0.595582
910 0.595489
911 0.595396
912 0.595303
913 0.59521
914 0.595118
915 0.595026
916 0.594934
917 0.594843
918 0.594752
919 0.594661
920 0.594571
921 0.594481
922 0.594391
923 0.594302
924 0.594213
925 0.594124
926 0.594035
927 0.593947
928 0.593859
929 0.593772
930 0.593684
931 0.593597
932 0.593511
933 0.593424
934 0.593338
935 0.593253
936 0.593167
937 0.593082
938 0.592997
939 0.592913
940 0.592828
941 0.592744
942 0.592661
943 0.592577
944 0.592494
945 0.592411
946 0.592329
947 0.592247
948 0.592165
949 0.592083
950 0.592002
951 0.591921
952 0.59184
953 0.591759
954 0.591679
955 0.591599
956 0.59152
957 0.591441
958 0.591362
959 0.591283
960 0.591204
961 0.591126
962 0.591048
963 0.590971
964 0.590893
965 0.590816
966 0.59074
967 0.590663
968 0.590587
969 0.590511
970 0.590435
971 0.59036
972 0.590285
973 0.59021
974 0.590136
975 0.590061
976 0.589987
977 0.589914
978 0.58984
979 0.589767
980 0.589694
981 0.589622
982 0.589549
983 0.589477
984 0.589406
985 0.589334
986 0.589263
987 0.589192
988 0.589122
989 0.589051
990 0.588981
991 0.588911
992 0.588842
993 0.588773
994 0.588704
995 0.588635
996 0.588566
997 0.588498
998 0.58843
999 0.588363
1000 0.588295
