1 0.704393
2 0.703836
3 0.702438
4 0.702886
5 0.707251
6 0.715983
7 0.728319
8 0.742765
9 0.757235
10 0.769927
11 0.7803
12 0.788942
13 0.796294
14 0.802754
15 0.808284
16 0.812994
17 0.816639
18 0.818982
19 0.819796
20 0.818944
21 0.81661
22 0.812978
23 0.808292
24 0.802742
25 0.79655
26 0.789993
27 0.783278
28 0.776559
29 0.769883
30 0.763279
31 0.756754
32 0.750347
33 0.744071
34 0.737933
35 0.731932
36 0.726058
37 0.720311
38 0.714696
39 0.709203
40 0.703823
41 0.698559
42 0.693416
43 0.688401
44 0.683514
45 0.678758
46 0.674135
47 0.669649
48 0.665303
49 0.661091
50 0.657017
51 0.653075
52 0.649261
53 0.645579
54 0.642032
55 0.63862
56 0.635342
57 0.632202
58 0.629197
59 0.626323
60 0.623579
61 0.620961
62 0.618466
63 0.616093
64 0.613834
65 0.611686
66 0.609648
67 0.607715
68 0.605884
69 0.60415
70 0.602507
71 0.600953
72 0.599485
73 0.598094
74 0.596779
75 0.595534
76 0.594355
77 0.593239
78 0.592182
79 0.591181
80 0.590229
81 0.589325
82 0.588466
83 0.587652
84 0.586879
85 0.586144
86 0.585443
87 0.584776
88 0.58414
89 0.583537
90 0.582962
91 0.582414
92 0.581891
93 0.581392
94 0.580918
95 0.580465
96 0.580034
97 0.579624
98 0.579235
99 0.578864
100 0.578513
101 0.57818
102 0.577863
103 0.577563
104 0.57728
105 0.577012
106 0.576758
107 0.576519
108 0.576294
109 0.576083
110 0.575884
111 0.575696
112 0.57552
113 0.575355
114 0.575198
115 0.575051
116 0.574912
117 0.574781
118 0.574659
119 0.574544
120 0.574437
121 0.574336
122 0.574242
123 0.574153
124 0.57407
125 0.573993
126 0.573921
127 0.573853
128 0.57379
129 0.573731
130 0.573676
131 0.573625
132 0.573577
133 0.573533
134 0.573492
135 0.573454
136 0.573419
137 0.573387
138 0.573358
139 0.573331
140 0.573306
141 0.573283
142 0.573262
143 0.573243
144 0.573225
145 0.573209
146 0.573194
147 0.57318
148 0.573168
149 0.573156
150 0.573146
151 0.573137
152 0.573129
153 0.573121
154 0.573114
155 0.573107
156 0.573101
157 0.573096
158 0.573091
159 0.573087
160 0.573084
161 0.573081
162 0.573078
163 0.573076
164 0.573074
165 0.573072
166 0.573071
167 0.57307
168 0.573069
169 0.573069
170 0.573068
171 0.573068
172 0.573069
173 0.573069
174 0.57307
175 0.573071
176 0.573071
177 0.573073
178 0.573074
179 0.573076
180 0.573079
181 0.573081
182 0.573084
183 0.573087
184 0.573091
185 0.573094
186 0.573098
187 0.573103
188 0.573108
189 0.573113
190 0.573118
191 0.573123
192 0.57313
193 0.573136
194 0.573142
195 0.573149
196 0.573156
197 0.573163
198 0.57317
199 0.573178
200 0.573187
201 0.573195
202 0.573204
203 0.573213
204 0.573222
205 0.573232
206 0.573241
207 0.573252
208 0.573262
209 0.573272
210 0.573283
211 0.573294
212 0.573305
213 0.573316
214 0.573328
215 0.573339
216 0.573352
217 0.573364
218 0.573377
219 0.57339
220 0.573403
221 0.573416
222 0.57343
223 0.573445
224 0.57346
225 0.573476
226 0.573494
227 0.573512
228 0.573532
229 0.573555
230 0.573579
231 0.573604
232 0.573632
233 0.573662
234 0.573693
235 0.573726
236 0.573762
237 0.5738
238 0.57384
239 0.573884
240 0.573931
241 0.573981
242 0.574035
243 0.574093
244 0.574155
245 0.574222
246 0.574294
247 0.574371
248 0.574454
249 0.574544
250 0.574642
251 0.574749
252 0.57487
253 0.575002
254 0.575144
255 0.575302
256 0.575476
257 0.575674
258 0.575894
259 0.576136
260 0.576405
261 0.576705
262 0.577054
263 0.577457
264 0.577919
265 0.578458
266 0.579104
267 0.579876
268 0.580787
269 0.581828
270 0.582976
271 0.584251
272 0.585607
273 0.586934
274 0.588183
275 0.589275
276 0.590199
277 0.590868
278 0.591276
279 0.591416
280 0.591326
281 0.591051
282 0.590662
283 0.590185
284 0.589613
285 0.588952
286 0.588244
287 0.587523
288 0.586804
289 0.586109
290 0.585456
291 0.584821
292 0.584221
293 0.583667
294 0.583139
295 0.582634
296 0.582153
297 0.58171
298 0.581295
299 0.580883
300 0.580473
301 0.580066
302 0.579664
303 0.579278
304 0.578895
305 0.578523
306 0.578152
307 0.577793
308 0.577455
309 0.577152
310 0.576896
311 0.576702
312 0.576594
313 0.576582
314 0.576668
315 0.576847
316 0.577108
317 0.57742
318 0.57775
319 0.578058
320 0.578303
321 0.578451
322 0.578481
323 0.578397
324 0.578221
325 0.577976
326 0.577686
327 0.577378
328 0.577059
329 0.576744
330 0.576439
331 0.576153
332 0.575886
333 0.575638
334 0.575413
335 0.575206
336 0.575023
337 0.574863
338 0.574723
339 0.574601
340 0.574496
341 0.574404
342 0.574327
343 0.574261
344 0.574206
345 0.574161
346 0.574126
347 0.574098
348 0.574079
349 0.574067
350 0.57406
351 0.57406
352 0.574064
353 0.574071
354 0.574087
355 0.57411
356 0.574138
357 0.57417
358 0.574205
359 0.574242
360 0.574284
361 0.574326
362 0.574368
363 0.574408
364 0.574447
365 0.574483
366 0.574518
367 0.574548
368 0.574575
369 0.574597
370 0.574614
371 0.574626
372 0.574634
373 0.57464
374 0.574641
375 0.57464
376 0.574638
377 0.574635
378 0.574632
379 0.574628
380 0.574624
381 0.574622
382 0.574622
383 0.574622
384 0.574624
385 0.574627
386 0.574634
387 0.574645
388 0.57466
389 0.574681
390 0.574704
391 0.574731
392 0.574762
393 0.574798
394 0.574836
395 0.574878
396 0.574922
397 0.574969
398 0.575019
399 0.575073
400 0.575132
401 0.575195
402 0.575261
403 0.575332
404 0.575411
405 0.575497
406 0.575588
407 0.575681
408 0.575775
409 0.575874
410 0.575977
411 0.576083
412 0.576191
413 0.576304
414 0.576419
415 0.576536
416 0.576647
417 0.576751
418 0.576852
419 0.576944
420 0.577025
421 0.577093
422 0.577145
423 0.577184
424 0.577207
425 0.577218
426 0.577221
427 0.577218
428 0.577204
429 0.577178
430 0.577139
431 0.57709
432 0.577035
433 0.576978
434 0.576919
435 0.576855
436 0.576791
437 0.576724
438 0.576653
439 0.576585
440 0.576517
441 0.576453
442 0.576392
443 0.576334
444 0.576278
445 0.576222
446 0.576166
447 0.576111
448 0.576059
449 0.576011
450 0.575967
451 0.575923
452 0.575878
453 0.57584
454 0.575805
455 0.575772
456 0.57574
457 0.575709
458 0.575678
459 0.575643
460 0.575606
461 0.57557
462 0.575536
463 0.575503
464 0.575471
465 0.575441
466 0.57541
467 0.575379
468 0.575348
469 0.575318
470 0.575288
471 0.575259
472 0.575231
473 0.575205
474 0.575181
475 0.575159
476 0.57514
477 0.575124
478 0.575105
479 0.575089
480 0.575074
481 0.57506
482 0.575048
483 0.575037
484 0.575028
485 0.575019
486 0.57501
487 0.575001
488 0.574991
489 0.574982
490 0.574975
491 0.574968
492 0.574962
493 0.574957
494 0.574952
495 0.574948
496 0.574945
497 0.574943
498 0.574942
499 0.574942
500 0.574942
501 0.574943
502 0.574945
503 0.574948
504 0.574952
505 0.574957
506 0.574963
507 0.574969
508 0.574976
509 0.574984
510 0.574991
511 0.574998
512 0.575005
513 0.575016
514 0.575027
515 0.575039
516 0.575053
517 0.575067
518 0.57508
519 0.575093
520 0.575108
521 0.575126
522 0.575144
523 0.575163
524 0.575181
525 0.575201
526 0.575219
527 0.575236
528 0.575253
529 0.575269
530 0.575287
531 0.575306
532 0.575323
533 0.575339
534 0.575357
535 0.575374
536 0.57539
537 0.575407
538 0.575427
539 0.575447
540 0.57547
541 0.575491
542 0.575513
543 0.575536
544 0.575557
545 0.575577
546 0.575599
547 0.575623
548 0.575647
549 0.57567
550 0.575687
551 0.575706
552 0.575722
553 0.575738
554 0.575756
555 0.575772
556 0.57579
557 0.575803
558 0.575815
559 0.575827
560 0.575837
561 0.575847
562 0.57586
563 0.575874
564 0.575887
565 0.575899
566 0.575914
567 0.57593
568 0.575944
569 0.575959
570 0.575979
571 0.576002
572 0.576023
573 0.576046
574 0.57607
575 0.576093
576 0.576115
577 0.576134
578 0.576156
579 0.576179
580 0.576201
581 0.576227
582 0.576255
583 0.576286
584 0.576318
585 0.576353
586 0.576391
587 0.576424
588 0.576459
589 0.576493
590 0.576529
591 0.576565
592 0.576598
593 0.576631
594 0.576667
595 0.576708
596 0.576743
597 0.576775
598 0.576803
599 0.57683
600 0.576861
601 0.576896
602 0.576932
603 0.576967
604 0.577008
605 0.577047
606 0.577087
607 0.577124
608 0.57716
609 0.577196
610 0.577238
611 0.577282
612 0.577324
613 0.57736
614 0.577394
615 0.577425
616 0.577461
617 0.577493
618 0.577528
619 0.577566
620 0.577606
621 0.577654
622 0.577705
623 0.577762
624 0.577827
625 0.577899
626 0.577978
627 0.578071
628 0.578173
629 0.578288
630 0.578421
631 0.578592
632 0.578801
633 0.579049
634 0.579336
635 0.579654
636 0.580001
637 0.580401
638 0.580872
639 0.581414
640 0.582009
641 0.582659
642 0.583418
643 0.584294
644 0.585364
645 0.586682
646 0.588319
647 0.590317
648 0.592692
649 0.59538
650 0.598236
651 0.601022
652 0.603486
653 0.605518
654 0.60695
655 0.607615
656 0.607634
657 0.607201
658 0.606351
659 0.605135
660 0.603681
661 0.602179
662 0.600655
663 0.599165
664 0.597806
665 0.596495
666 0.595201
667 0.593957
668 0.592742
669 0.591561
670 0.590459
671 0.589403
672 0.588394
673 0.587451
674 0.586577
675 0.585752
676 0.585021
677 0.58432
678 0.583639
679 0.582983
680 0.582371
681 0.581815
682 0.581277
683 0.580763
684 0.580272
685 0.579812
686 0.579386
687 0.578992
688 0.578628
689 0.5783
690 0.577993
691 0.57771
692 0.577445
693 0.577193
694 0.576953
695 0.576725
696 0.576517
697 0.576321
698 0.576142
699 0.575975
700 0.575818
701 0.575668
702 0.575524
703 0.575397
704 0.575276
705 0.575159
706 0.575049
707 0.574944
708 0.574847
709 0.574754
710 0.57467
711 0.574594
712 0.574522
713 0.574455
714 0.574393
715 0.574337
716 0.574283
717 0.574234
718 0.574188
719 0.574146
720 0.574107
721 0.574075
722 0.574047
723 0.574023
724 0.574002
725 0.573987
726 0.573978
727 0.573974
728 0.573975
729 0.57398
730 0.573993
731 0.574014
732 0.574041
733 0.574077
734 0.57412
735 0.574175
736 0.574243
737 0.574326
738 0.574421
739 0.574531
740 0.574647
741 0.574781
742 0.574924
743 0.575072
744 0.575223
745 0.575381
746 0.575562
747 0.575763
748 0.575996
749 0.576262
750 0.576545
751 0.576831
752 0.577093
753 0.577304
754 0.577445
755 0.577526
756 0.577541
757 0.577484
758 0.577388
759 0.577242
760 0.577047
761 0.576811
762 0.576546
763 0.576283
764 0.576038
765 0.575819
766 0.575626
767 0.575453
768 0.575303
769 0.575179
770 0.575074
771 0.57499
772 0.57492
773 0.574864
774 0.574817
775 0.57478
776 0.574755
777 0.574737
778 0.574725
779 0.574717
780 0.574709
781 0.5747
782 0.574691
783 0.574683
784 0.574674
785 0.574666
786 0.574652
787 0.574638
788 0.574622
789 0.574604
790 0.574588
791 0.574571
792 0.574556
793 0.574543
794 0.574537
795 0.574537
796 0.574544
797 0.57456
798 0.574583
799 0.574619
800 0.574672
801 0.574745
802 0.574844
803 0.574966
804 0.575113
805 0.575292
806 0.575508
807 0.575768
808 0.576071
809 0.57642
810 0.576827
811 0.577287
812 0.577792
813 0.578316
814 0.578863
815 0.579418
816 0.579966
817 0.580485
818 0.580962
819 0.581383
820 0.581745
821 0.582063
822 0.582333
823 0.582545
824 0.582708
825 0.582827
826 0.582908
827 0.582945
828 0.582946
829 0.582899
830 0.582796
831 0.582659
832 0.582493
833 0.582302
834 0.582085
835 0.581841
836 0.581582
837 0.58132
838 0.58103
839 0.580721
840 0.580393
841 0.580059
842 0.57973
843 0.579407
844 0.579073
845 0.578731
846 0.578385
847 0.578049
848 0.577728
849 0.577411
850 0.577111
851 0.576821
852 0.576547
853 0.576294
854 0.576061
855 0.575846
856 0.575654
857 0.575484
858 0.575331
859 0.575194
860 0.57507
861 0.574961
862 0.574862
863 0.574777
864 0.574704
865 0.574639
866 0.574584
867 0.574541
868 0.574504
869 0.574475
870 0.574453
871 0.574437
872 0.574425
873 0.574416
874 0.574407
875 0.574398
876 0.574391
877 0.574385
878 0.574377
879 0.574369
880 0.574362
881 0.574355
882 0.574349
883 0.574345
884 0.574345
885 0.574346
886 0.574347
887 0.574347
888 0.574347
889 0.574346
890 0.574342
891 0.574337
892 0.574334
893 0.574331
894 0.574329
895 0.574328
896 0.57433
897 0.574335
898 0.574343
899 0.574358
900 0.574376
901 0.574398
902 0.574426
903 0.57446
904 0.574501
905 0.574547
906 0.574601
907 0.574662
908 0.574733
909 0.574819
910 0.574917
911 0.575023
912 0.575131
913 0.575244
914 0.575367
915 0.575502
916 0.575647
917 0.575793
918 0.575938
919 0.576079
920 0.576204
921 0.576316
922 0.576406
923 0.576471
924 0.576514
925 0.57654
926 0.576546
927 0.576533
928 0.57651
929 0.576476
930 0.576429
931 0.576373
932 0.576309
933 0.576242
934 0.576171
935 0.576095
936 0.576017
937 0.575943
938 0.57587
939 0.575801
940 0.575732
941 0.575667
942 0.575605
943 0.575545
944 0.575485
945 0.575424
946 0.575368
947 0.575315
948 0.575264
949 0.575219
950 0.575175
951 0.575137
952 0.575103
953 0.57507
954 0.575037
955 0.575004
956 0.574973
957 0.57494
958 0.574906
959 0.574874
960 0.574841
961 0.574809
962 0.574779
963 0.57475
964 0.574721
965 0.574695
966 0.574669
967 0.574644
968 0.574619
969 0.574596
970 0.574573
971 0.574551
972 0.574531
973 0.574512
974 0.574494
975 0.574477
976 0.574461
977 0.574445
978 0.574429
979 0.574413
980 0.574396
981 0.574379
982 0.574362
983 0.574346
984 0.57433
985 0.574316
986 0.574302
987 0.574289
988 0.574277
989 0.574266
990 0.574253
991 0.574242
992 0.574232
993 0.574222
994 0.574214
995 0.574205
996 0.574198
997 0.574192
998 0.574186
999 0.574182
1000 0.574178
