1 0.730937
2 0.731053
3 0.731173
4 0.731299
5 0.731432
6 0.731571
7 0.731717
8 0.73187
9 0.732031
10 0.7322
11 0.732378
12 0.732564
13 0.732759
14 0.732963
15 0.733177
16 0.733399
17 0.733631
18 0.733871
19 0.73412
20 0.734377
21 0.734642
22 0.734913
23 0.735192
24 0.735478
25 0.73577
26 0.736068
27 0.736372
28 0.736681
29 0.736995
30 0.737315
31 0.737637
32 0.737963
33 0.73829
34 0.738618
35 0.738947
36 0.739276
37 0.739604
38 0.73993
39 0.740256
40 0.740579
41 0.7409
42 0.741218
43 0.741532
44 0.741841
45 0.742146
46 0.742446
47 0.742741
48 0.743031
49 0.743315
50 0.743592
51 0.743863
52 0.744128
53 0.744385
54 0.744636
55 0.744879
56 0.745115
57 0.745344
58 0.745566
59 0.745782
60 0.745992
61 0.746197
62 0.746398
63 0.746595
64 0.74679
65 0.746984
66 0.747178
67 0.747372
68 0.747567
69 0.747761
70 0.747955
71 0.748145
72 0.748333
73 0.748516
74 0.748693
75 0.748863
76 0.749025
77 0.749178
78 0.749323
79 0.749459
80 0.749585
81 0.749702
82 0.749809
83 0.749906
84 0.749996
85 0.750078
86 0.750153
87 0.750223
88 0.750287
89 0.750348
90 0.750406
91 0.750463
92 0.750518
93 0.750574
94 0.750629
95 0.750684
96 0.750737
97 0.750785
98 0.750827
99 0.750859
100 0.750881
101 0.750888
102 0.750881
103 0.750856
104 0.750812
105 0.750748
106 0.750663
107 0.750555
108 0.750424
109 0.750268
110 0.750086
111 0.749879
112 0.749646
113 0.749386
114 0.7491
115 0.748788
116 0.74845
117 0.748087
118 0.747698
119 0.747285
120 0.74685
121 0.746393
122 0.745915
123 0.745418
124 0.744902
125 0.744368
126 0.743818
127 0.743251
128 0.742667
129 0.742066
130 0.741449
131 0.740814
132 0.740163
133 0.739494
134 0.738807
135 0.738103
136 0.737381
137 0.736641
138 0.735884
139 0.735111
140 0.73432
141 0.733513
142 0.732691
143 0.731854
144 0.731002
145 0.730137
146 0.729258
147 0.728367
148 0.727464
149 0.726549
150 0.725624
151 0.724689
152 0.723743
153 0.722789
154 0.721826
155 0.720854
156 0.719875
157 0.718889
158 0.717895
159 0.716895
160 0.715889
161 0.714877
162 0.71386
163 0.712837
164 0.711808
165 0.710774
166 0.709735
167 0.708691
168 0.707641
169 0.706587
170 0.705527
171 0.704462
172 0.703392
173 0.702317
174 0.701238
175 0.700154
176 0.699066
177 0.697974
178 0.696879
179 0.69578
180 0.694678
181 0.693574
182 0.692467
183 0.691357
184 0.690246
185 0.689133
186 0.688019
187 0.686904
188 0.685787
189 0.684671
190 0.683555
191 0.682439
192 0.681323
193 0.680209
194 0.679097
195 0.677986
196 0.676878
197 0.675772
198 0.674669
199 0.67357
200 0.672474
201 0.671383
202 0.670295
203 0.669213
204 0.668136
205 0.667065
206 0.665999
207 0.66494
208 0.663887
209 0.662841
210 0.661802
211 0.66077
212 0.659746
213 0.65873
214 0.657722
215 0.656722
216 0.655731
217 0.654748
218 0.653774
219 0.652808
220 0.651852
221 0.650904
222 0.649964
223 0.649034
224 0.648113
225 0.647201
226 0.646297
227 0.645403
228 0.644517
229 0.643639
230 0.642771
231 0.641911
232 0.64106
233 0.640217
234 0.639382
235 0.638556
236 0.637739
237 0.636929
238 0.636128
239 0.635335
240 0.63455
241 0.633773
242 0.633004
243 0.632242
244 0.631489
245 0.630743
246 0.630005
247 0.629274
248 0.628551
249 0.627835
250 0.627126
251 0.626425
252 0.625731
253 0.625044
254 0.624364
255 0.623691
256 0.623025
257 0.622366
258 0.621713
259 0.621067
260 0.620428
261 0.619795
262 0.619169
263 0.618549
264 0.617936
265 0.617329
266 0.616729
267 0.616134
268 0.615546
269 0.614964
270 0.614389
271 0.613819
272 0.613255
273 0.612698
274 0.612146
275 0.611601
276 0.611061
277 0.610527
278 0.609999
279 0.609477
280 0.60896
281 0.608449
282 0.607944
283 0.607444
284 0.60695
285 0.606462
286 0.605979
287 0.605501
288 0.605029
289 0.604563
290 0.604102
291 0.603646
292 0.603195
293 0.60275
294 0.60231
295 0.601875
296 0.601445
297 0.601021
298 0.600601
299 0.600187
300 0.599778
301 0.599374
302 0.598975
303 0.598581
304 0.598192
305 0.597808
306 0.597429
307 0.597054
308 0.596685
309 0.596321
310 0.595961
311 0.595606
312 0.595256
313 0.59491
314 0.59457
315 0.594234
316 0.593903
317 0.593576
318 0.593254
319 0.592937
320 0.592624
321 0.592316
322 0.592012
323 0.591713
324 0.591418
325 0.591127
326 0.590841
327 0.590559
328 0.590281
329 0.590008
330 0.589738
331 0.589473
332 0.589212
333 0.588955
334 0.588702
335 0.588453
336 0.588208
337 0.587967
338 0.587729
339 0.587496
340 0.587266
341 0.587039
342 0.586816
343 0.586597
344 0.586381
345 0.586169
346 0.58596
347 0.585754
348 0.585552
349 0.585353
350 0.585157
351 0.584964
352 0.584775
353 0.584588
354 0.584404
355 0.584224
356 0.584046
357 0.583871
358 0.583699
359 0.58353
360 0.583364
361 0.5832
362 0.583039
363 0.58288
364 0.582724
365 0.582571
366 0.58242
367 0.582271
368 0.582125
369 0.581981
370 0.58184
371 0.581701
372 0.581564
373 0.581429
374 0.581297
375 0.581167
376 0.581038
377 0.580912
378 0.580788
379 0.580666
380 0.580546
381 0.580428
382 0.580312
383 0.580198
384 0.580085
385 0.579975
386 0.579866
387 0.579759
388 0.579654
389 0.57955
390 0.579448
391 0.579348
392 0.57925
393 0.579153
394 0.579058
395 0.578964
396 0.578872
397 0.578782
398 0.578693
399 0.578605
400 0.578519
401 0.578435
402 0.578352
403 0.578271
404 0.578191
405 0.578112
406 0.578035
407 0.577959
408 0.577884
409 0.577811
410 0.577739
411 0.577669
412 0.5776
413 0.577532
414 0.577465
415 0.5774
416 0.577336
417 0.577273
418 0.577212
419 0.577151
420 0.577092
421 0.577034
422 0.576978
423 0.576922
424 0.576867
425 0.576814
426 0.576762
427 0.576711
428 0.576661
429 0.576612
430 0.576564
431 0.576517
432 0.576472
433 0.576427
434 0.576383
435 0.576341
436 0.576299
437 0.576258
438 0.576218
439 0.576179
440 0.576141
441 0.576104
442 0.576068
443 0.576033
444 0.575999
445 0.575965
446 0.575932
447 0.5759
448 0.575869
449 0.575838
450 0.575809
451 0.57578
452 0.575751
453 0.575724
454 0.575697
455 0.575671
456 0.575645
457 0.57562
458 0.575596
459 0.575572
460 0.575549
461 0.575527
462 0.575505
463 0.575483
464 0.575462
465 0.575442
466 0.575422
467 0.575403
468 0.575384
469 0.575365
470 0.575347
471 0.575329
472 0.575312
473 0.575295
474 0.575279
475 0.575263
476 0.575247
477 0.575231
478 0.575216
479 0.575201
480 0.575187
481 0.575173
482 0.575159
483 0.575145
484 0.575132
485 0.575119
486 0.575106
487 0.575093
488 0.575081
489 0.575069
490 0.575057
491 0.575045
492 0.575033
493 0.575022
494 0.575011
495 0.575
496 0.574989
497 0.574978
498 0.574968
499 0.574958
500 0.574947
501 0.574937
502 0.574927
503 0.574918
504 0.574908
505 0.574898
506 0.574889
507 0.57488
508 0.574871
509 0.574861
510 0.574853
511 0.574844
512 0.574835
513 0.574826
514 0.574818
515 0.574809
516 0.574801
517 0.574792
518 0.574784
519 0.574776
520 0.574768
521 0.57476
522 0.574752
523 0.574744
524 0.574737
525 0.574729
526 0.574722
527 0.574714
528 0.574707
529 0.574699
530 0.574692
531 0.574685
532 0.574678
533 0.574671
534 0.574664
535 0.574657
536 0.57465
537 0.574644
538 0.574637
539 0.57463
540 0.574624
541 0.574617
542 0.574611
543 0.574605
544 0.574599
545 0.574592
546 0.574586
547 0.57458
548 0.574575
549 0.574569
550 0.574563
551 0.574557
552 0.574552
553 0.574546
554 0.574541
555 0.574535
556 0.57453
557 0.574524
558 0.574519
559 0.574514
560 0.574509
561 0.574504
562 0.574499
563 0.574494
564 0.574489
565 0.574485
566 0.57448
567 0.574475
568 0.574471
569 0.574466
570 0.574462
571 0.574458
572 0.574453
573 0.574449
574 0.574445
575 0.574441
576 0.574437
577 0.574433
578 0.574429
579 0.574425
580 0.574422
581 0.574418
582 0.574414
583 0.574411
584 0.574407
585 0.574404
586 0.5744
587 0.574397
588 0.574394
589 0.574391
590 0.574387
591 0.574384
592 0.574381
593 0.574378
594 0.574375
595 0.574373
596 0.57437
597 0.574367
598 0.574364
599 0.574362
600 0.574359
601 0.574356
602 0.574354
603 0.574351
604 0.574349
605 0.574347
606 0.574344
607 0.574342
608 0.57434
609 0.574338
610 0.574336
611 0.574333
612 0.574331
613 0.574329
614 0.574327
615 0.574326
616 0.574324
617 0.574322
618 0.57432
619 0.574318
620 0.574317
621 0.574315
622 0.574313
623 0.574312
624 0.57431
625 0.574309
626 0.574307
627 0.574306
628 0.574304
629 0.574303
630 0.574302
631 0.5743
632 0.574299
633 0.574298
634 0.574296
635 0.574295
636 0.574294
637 0.574293
638 0.574292
639 0.574291
640 0.57429
641 0.574289
642 0.574288
643 0.574287
644 0.574286
645 0.574285
646 0.574284
647 0.574283
648 0.574282
649 0.574281
650 0.574281
651 0.57428
652 0.574279
653 0.574278
654 0.574278
655 0.574277
656 0.574276
657 0.574275
658 0.574275
659 0.574274
660 0.574274
661 0.574273
662 0.574272
663 0.574272
664 0.574271
665 0.574271
666 0.57427
667 0.57427
668 0.574269
669 0.574269
670 0.574268
671 0.574268
672 0.574267
673 0.574267
674 0.574267
675 0.574266
676 0.574266
677 0.574265
678 0.574265
679 0.574265
680 0.574264
681 0.574264
682 0.574264
683 0.574263
684 0.574263
685 0.574263
686 0.574263
687 0.574262
688 0.574262
689 0.574262
690 0.574262
691 0.574261
692 0.574261
693 0.574261
694 0.574261
695 0.574261
696 0.57426
697 0.57426
698 0.57426
699 0.57426
700 0.57426
701 0.574259
702 0.574259
703 0.574259
704 0.574259
705 0.574259
706 0.574259
707 0.574259
708 0.574259
709 0.574258
710 0.574258
711 0.574258
712 0.574258
713 0.574258
714 0.574258
715 0.574258
716 0.574258
717 0.574258
718 0.574258
719 0.574258
720 0.574258
721 0.574258
722 0.574257
723 0.574257
724 0.574257
725 0.574257
726 0.574257
727 0.574257
728 0.574257
729 0.574257
730 0.574257
731 0.574257
732 0.574257
733 0.574257
734 0.574257
735 0.574257
736 0.574257
737 0.574257
738 0.574257
739 0.574257
740 0.574257
741 0.574257
742 0.574257
743 0.574257
744 0.574257
745 0.574257
746 0.574257
747 0.574257
748 0.574257
749 0.574257
750 0.574257
751 0.574258
752 0.574258
753 0.574258
754 0.574258
755 0.574258
756 0.574258
757 0.574258
758 0.574258
759 0.574258
760 0.574258
761 0.574258
762 0.574258
763 0.574258
764 0.574258
765 0.574258
766 0.574258
767 0.574258
768 0.574258
769 0.574259
770 0.574259
771 0.574259
772 0.574259
773 0.574259
774 0.574259
775 0.574259
776 0.574259
777 0.574259
778 0.574259
779 0.574259
780 0.574259
781 0.574259
782 0.57426
783 0.57426
784 0.57426
785 0.57426
786 0.57426
787 0.57426
788 0.57426
789 0.57426
790 0.57426
791 0.57426
792 0.574261
793 0.574261
794 0.574261
795 0.574261
796 0.574261
797 0.574261
798 0.574261
799 0.574261
800 0.574261
801 0.574261
802 0.574262
803 0.574262
804 0.574262
805 0.574262
806 0.574262
807 0.574262
808 0.574262
809 0.574262
810 0.574263
811 0.574263
812 0.574263
813 0.574263
814 0.574263
815 0.574263
816 0.574263
817 0.574263
818 0.574264
819 0.574264
820 0.574264
821 0.574264
822 0.574264
823 0.574264
824 0.574264
825 0.574264
826 0.574265
827 0.574265
828 0.574265
829 0.574265
830 0.574265
831 0.574265
832 0.574265
833 0.574266
834 0.574266
835 0.574266
836 0.574266
837 0.574266
838 0.574266
839 0.574266
840 0.574267
841 0.574267
842 0.574267
843 0.574267
844 0.574267
845 0.574267
846 0.574267
847 0.574268
848 0.574268
849 0.574268
850 0.574268
851 0.574268
852 0.574268
853 0.574268
854 0.574269
855 0.574269
856 0.574269
857 0.574269
858 0.574269
859 0.574269
860 0.574269
861 0.57427
862 0.57427
863 0.57427
864 0.57427
865 0.57427
866 0.57427
867 0.57427
868 0.574271
869 0.574271
870 0.574271
871 0.574271
872 0.574271
873 0.574271
874 0.574272
875 0.574272
876 0.574272
877 0.574272
878 0.574272
879 0.574272
880 0.574272
881 0.574273
882 0.574273
883 0.574273
884 0.574273
885 0.574273
886 0.574273
887 0.574274
888 0.574274
889 0.574274
890 0.574274
891 0.574274
892 0.574274
893 0.574275
894 0.574275
895 0.574275
896 0.574275
897 0.574275
898 0.574275
899 0.574276
900 0.574276
901 0.574276
902 0.574276
903 0.574276
904 0.574276
905 0.574276
906 0.574277
907 0.574277
908 0.574277
909 0.574277
910 0.574277
911 0.574277
912 0.574278
913 0.574278
914 0.574278
915 0.574278
916 0.574278
917 0.574278
918 0.574279
919 0.574279
920 0.574279
921 0.574279
922 0.574279
923 0.574279
924 0.574279
925 0.57428
926 0.57428
927 0.57428
928 0.57428
929 0.57428
930 0.57428
931 0.574281
932 0.574281
933 0.574281
934 0.574281
935 0.574281
936 0.574281
937 0.574282
938 0.574282
939 0.574282
940 0.574282
941 0.574282
942 0.574282
943 0.574283
944 0.574283
945 0.574283
946 0.574283
947 0.574283
948 0.574283
949 0.574284
950 0.574284
951 0.574284
952 0.574284
953 0.574284
954 0.574284
955 0.574284
956 0.574285
957 0.574285
958 0.574285
959 0.574285
960 0.574285
961 0.574285
962 0.574286
963 0.574286
964 0.574286
965 0.574286
966 0.574286
967 0.574286
968 0.574287
969 0.574287
970 0.574287
971 0.574287
972 0.574287
973 0.574287
974 0.574287
975 0.574288
976 0.574288
977 0.574288
978 0.574288
979 0.574288
980 0.574288
981 0.574289
982 0.574289
983 0.574289
984 0.574289
985 0.574289
986 0.574289
987 0.574289
988 0.57429
989 0.57429
990 0.57429
991 0.57429
992 0.57429
993 0.57429
994 0.574291
995 0.574291
996 0.574291
997 0.574291
998 0.574291
999 0.574291
1000 0.574292
