1 0.755814
2 0.755905
3 0.755993
4 0.756079
5 0.756164
6 0.756248
7 0.75633
8 0.75641
9 0.756489
10 0.756567
11 0.756643
12 0.756718
13 0.756792
14 0.756864
15 0.756935
16 0.757005
17 0.757074
18 0.757141
19 0.757207
20 0.757272
21 0.757335
22 0.757398
23 0.757459
24 0.757518
25 0.757577
26 0.757634
27 0.75769
28 0.757745
29 0.757799
30 0.757852
31 0.757904
32 0.757955
33 0.758005
34 0.758054
35 0.758102
36 0.758149
37 0.758195
38 0.75824
39 0.758284
40 0.758327
41 0.758369
42 0.758409
43 0.758449
44 0.758487
45 0.758524
46 0.75856
47 0.758595
48 0.758629
49 0.758662
50 0.758695
51 0.758726
52 0.758756
53 0.758785
54 0.758814
55 0.758842
56 0.758869
57 0.758894
58 0.758919
59 0.758943
60 0.758967
61 0.758991
62 0.759013
63 0.759035
64 0.759056
65 0.759076
66 0.759096
67 0.759115
68 0.759134
69 0.759152
70 0.759169
71 0.759185
72 0.759201
73 0.759217
74 0.759232
75 0.759246
76 0.75926
77 0.759274
78 0.759287
79 0.759301
80 0.759314
81 0.759327
82 0.75934
83 0.759353
84 0.759366
85 0.759379
86 0.759392
87 0.759405
88 0.759419
89 0.759432
90 0.759445
91 0.759459
92 0.759471
93 0.759484
94 0.759497
95 0.759509
96 0.759522
97 0.759534
98 0.759547
99 0.759559
100 0.75957
101 0.759581
102 0.759592
103 0.759603
104 0.759613
105 0.759624
106 0.759634
107 0.759643
108 0.759652
109 0.75966
110 0.759667
111 0.759674
112 0.75968
113 0.759686
114 0.759691
115 0.759695
116 0.759698
117 0.7597
118 0.759701
119 0.7597
120 0.759699
121 0.759697
122 0.759694
123 0.75969
124 0.759685
125 0.759679
126 0.759672
127 0.759663
128 0.759654
129 0.759645
130 0.759635
131 0.759624
132 0.759612
133 0.759599
134 0.759585
135 0.759571
136 0.759557
137 0.759541
138 0.759525
139 0.759509
140 0.759491
141 0.759473
142 0.759453
143 0.759433
144 0.759412
145 0.75939
146 0.759368
147 0.759346
148 0.759323
149 0.7593
150 0.759276
151 0.759251
152 0.759225
153 0.759198
154 0.75917
155 0.759141
156 0.759112
157 0.759081
158 0.75905
159 0.759018
160 0.758985
161 0.758951
162 0.758916
163 0.75888
164 0.758843
165 0.758805
166 0.758766
167 0.758726
168 0.758685
169 0.758643
170 0.758599
171 0.758555
172 0.75851
173 0.758464
174 0.758417
175 0.758369
176 0.758321
177 0.758271
178 0.75822
179 0.758168
180 0.758115
181 0.75806
182 0.758004
183 0.757947
184 0.757888
185 0.757829
186 0.757768
187 0.757707
188 0.757644
189 0.757579
190 0.757513
191 0.757447
192 0.757378
193 0.757309
194 0.757239
195 0.757168
196 0.757095
197 0.757021
198 0.756945
199 0.756868
200 0.75679
201 0.75671
202 0.756628
203 0.756545
204 0.75646
205 0.756374
206 0.756287
207 0.756198
208 0.756107
209 0.756015
210 0.755922
211 0.755827
212 0.755731
213 0.755633
214 0.755534
215 0.755434
216 0.755332
217 0.755229
218 0.755124
219 0.755019
220 0.754912
221 0.754804
222 0.754694
223 0.754582
224 0.754469
225 0.754354
226 0.754238
227 0.754121
228 0.754002
229 0.753882
230 0.75376
231 0.753637
232 0.753513
233 0.753387
234 0.753259
235 0.75313
236 0.753
237 0.752868
238 0.752735
239 0.752599
240 0.752462
241 0.752324
242 0.752184
243 0.752042
244 0.751899
245 0.751754
246 0.751607
247 0.751458
248 0.751308
249 0.751157
250 0.751003
251 0.750848
252 0.750691
253 0.750533
254 0.750372
255 0.75021
256 0.750046
257 0.74988
258 0.749713
259 0.749543
260 0.749372
261 0.749198
262 0.749023
263 0.748846
264 0.748666
265 0.748484
266 0.7483
267 0.748113
268 0.747925
269 0.747735
270 0.747542
271 0.747347
272 0.74715
273 0.746951
274 0.746749
275 0.746545
276 0.746339
277 0.74613
278 0.745919
279 0.745706
280 0.74549
281 0.745272
282 0.745051
283 0.744828
284 0.744603
285 0.744375
286 0.744144
287 0.743912
288 0.743676
289 0.743439
290 0.743199
291 0.742957
292 0.742712
293 0.742464
294 0.742214
295 0.741962
296 0.741707
297 0.74145
298 0.741191
299 0.740929
300 0.740665
301 0.740399
302 0.74013
303 0.739859
304 0.739585
305 0.73931
306 0.739032
307 0.738752
308 0.73847
309 0.738185
310 0.737899
311 0.73761
312 0.73732
313 0.737027
314 0.736733
315 0.736436
316 0.736138
317 0.735837
318 0.735535
319 0.735231
320 0.734925
321 0.734617
322 0.734307
323 0.733996
324 0.733682
325 0.733367
326 0.73305
327 0.732732
328 0.732412
329 0.73209
330 0.731767
331 0.731442
332 0.731116
333 0.730789
334 0.73046
335 0.730131
336 0.729799
337 0.729467
338 0.729133
339 0.728798
340 0.728463
341 0.728126
342 0.727789
343 0.72745
344 0.727111
345 0.726771
346 0.72643
347 0.726088
348 0.725745
349 0.725401
350 0.725057
351 0.724711
352 0.724366
353 0.724019
354 0.723672
355 0.723323
356 0.722975
357 0.722625
358 0.722276
359 0.721925
360 0.721574
361 0.721223
362 0.720871
363 0.720519
364 0.720167
365 0.719814
366 0.719461
367 0.719108
368 0.718754
369 0.7184
370 0.718045
371 0.71769
372 0.717335
373 0.716979
374 0.716623
375 0.716267
376 0.715911
377 0.715555
378 0.715199
379 0.714843
380 0.714487
381 0.71413
382 0.713774
383 0.713417
384 0.713061
385 0.712704
386 0.712348
387 0.711992
388 0.711635
389 0.71128
390 0.710924
391 0.710568
392 0.710213
393 0.709858
394 0.709503
395 0.709149
396 0.708794
397 0.70844
398 0.708087
399 0.707733
400 0.70738
401 0.707028
402 0.706676
403 0.706325
404 0.705973
405 0.705623
406 0.705273
407 0.704923
408 0.704574
409 0.704226
410 0.703878
411 0.70353
412 0.703184
413 0.702837
414 0.702492
415 0.702148
416 0.701804
417 0.70146
418 0.701118
419 0.700776
420 0.700436
421 0.700096
422 0.699756
423 0.699418
424 0.69908
425 0.698744
426 0.698408
427 0.698073
428 0.697738
429 0.697405
430 0.697073
431 0.696741
432 0.696411
433 0.696081
434 0.695752
435 0.695424
436 0.695097
437 0.69477
438 0.694445
439 0.69412
440 0.693797
441 0.693474
442 0.693153
443 0.692832
444 0.692512
445 0.692193
446 0.691875
447 0.691558
448 0.691242
449 0.690928
450 0.690614
451 0.690301
452 0.689988
453 0.689677
454 0.689367
455 0.689058
456 0.68875
457 0.688443
458 0.688136
459 0.687831
460 0.687527
461 0.687224
462 0.686921
463 0.68662
464 0.68632
465 0.686021
466 0.685722
467 0.685425
468 0.685128
469 0.684833
470 0.684538
471 0.684244
472 0.683951
473 0.683659
474 0.683368
475 0.683078
476 0.682789
477 0.6825
478 0.682213
479 0.681926
480 0.681641
481 0.681356
482 0.681072
483 0.680789
484 0.680507
485 0.680226
486 0.679946
487 0.679667
488 0.679388
489 0.67911
490 0.678833
491 0.678557
492 0.678282
493 0.678008
494 0.677735
495 0.677463
496 0.677192
497 0.676921
498 0.676652
499 0.676384
500 0.676116
501 0.67585
502 0.675584
503 0.67532
504 0.675056
505 0.674793
506 0.674531
507 0.674271
508 0.674011
509 0.673752
510 0.673494
511 0.673238
512 0.672982
513 0.672727
514 0.672474
515 0.672221
516 0.67197
517 0.67172
518 0.671471
519 0.671223
520 0.670976
521 0.67073
522 0.670485
523 0.670242
524 0.669999
525 0.669757
526 0.669516
527 0.669277
528 0.669038
529 0.6688
530 0.668564
531 0.668328
532 0.668094
533 0.66786
534 0.667627
535 0.667395
536 0.667164
537 0.666934
538 0.666704
539 0.666476
540 0.666248
541 0.666022
542 0.665796
543 0.66557
544 0.665346
545 0.665122
546 0.664899
547 0.664677
548 0.664456
549 0.664235
550 0.664015
551 0.663795
552 0.663577
553 0.663359
554 0.663141
555 0.662924
556 0.662708
557 0.662492
558 0.662277
559 0.662063
560 0.661849
561 0.661635
562 0.661422
563 0.66121
564 0.660998
565 0.660787
566 0.660576
567 0.660366
568 0.660156
569 0.659947
570 0.659738
571 0.659529
572 0.659321
573 0.659113
574 0.658906
575 0.658699
576 0.658493
577 0.658287
578 0.658081
579 0.657876
580 0.657672
581 0.657467
582 0.657263
583 0.657059
584 0.656856
585 0.656653
586 0.65645
587 0.656248
588 0.656046
589 0.655844
590 0.655643
591 0.655442
592 0.655241
593 0.655041
594 0.654841
595 0.654642
596 0.654442
597 0.654243
598 0.654045
599 0.653846
600 0.653648
601 0.653451
602 0.653253
603 0.653056
604 0.652859
605 0.652663
606 0.652467
607 0.652271
608 0.652075
609 0.65188
610 0.651685
611 0.65149
612 0.651296
613 0.651102
614 0.650909
615 0.650715
616 0.650522
617 0.65033
618 0.650137
619 0.649945
620 0.649753
621 0.649562
622 0.64937
623 0.649179
624 0.648988
625 0.648798
626 0.648607
627 0.648417
628 0.648227
629 0.648038
630 0.647849
631 0.647659
632 0.647471
633 0.647282
634 0.647094
635 0.646906
636 0.646718
637 0.64653
638 0.646343
639 0.646156
640 0.645969
641 0.645783
642 0.645597
643 0.645411
644 0.645225
645 0.64504
646 0.644855
647 0.64467
648 0.644486
649 0.644302
650 0.644118
651 0.643934
652 0.643751
653 0.643568
654 0.643385
655 0.643202
656 0.64302
657 0.642838
658 0.642656
659 0.642475
660 0.642294
661 0.642113
662 0.641932
663 0.641752
664 0.641571
665 0.641392
666 0.641212
667 0.641033
668 0.640854
669 0.640675
670 0.640497
671 0.640319
672 0.640141
673 0.639964
674 0.639786
675 0.63961
676 0.639433
677 0.639257
678 0.639081
679 0.638905
680 0.63873
681 0.638555
682 0.638381
683 0.638206
684 0.638032
685 0.637859
686 0.637685
687 0.637512
688 0.63734
689 0.637168
690 0.636996
691 0.636824
692 0.636653
693 0.636482
694 0.636311
695 0.636141
696 0.635971
697 0.635801
698 0.635632
699 0.635463
700 0.635294
701 0.635126
702 0.634958
703 0.63479
704 0.634622
705 0.634455
706 0.634288
707 0.634122
708 0.633956
709 0.63379
710 0.633625
711 0.63346
712 0.633296
713 0.633131
714 0.632967
715 0.632804
716 0.632641
717 0.632478
718 0.632315
719 0.632153
720 0.631992
721 0.63183
722 0.631669
723 0.631509
724 0.631349
725 0.631189
726 0.63103
727 0.630871
728 0.630712
729 0.630554
730 0.630396
731 0.630238
732 0.630081
733 0.629924
734 0.629768
735 0.629612
736 0.629457
737 0.629301
738 0.629147
739 0.628992
740 0.628838
741 0.628685
742 0.628532
743 0.628379
744 0.628227
745 0.628075
746 0.627923
747 0.627772
748 0.627622
749 0.627472
750 0.627322
751 0.627173
752 0.627024
753 0.626875
754 0.626727
755 0.62658
756 0.626433
757 0.626286
758 0.62614
759 0.625994
760 0.625848
761 0.625703
762 0.625558
763 0.625414
764 0.62527
765 0.625127
766 0.624984
767 0.624842
768 0.6247
769 0.624558
770 0.624417
771 0.624276
772 0.624135
773 0.623995
774 0.623856
775 0.623717
776 0.623578
777 0.623439
778 0.623301
779 0.623164
780 0.623027
781 0.62289
782 0.622753
783 0.622617
784 0.622482
785 0.622347
786 0.622212
787 0.622077
788 0.621943
789 0.62181
790 0.621676
791 0.621544
792 0.621411
793 0.621279
794 0.621147
795 0.621016
796 0.620884
797 0.620754
798 0.620623
799 0.620493
800 0.620364
801 0.620234
802 0.620106
803 0.619977
804 0.619849
805 0.619721
806 0.619593
807 0.619466
808 0.619339
809 0.619213
810 0.619087
811 0.618961
812 0.618835
813 0.61871
814 0.618585
815 0.618461
816 0.618337
817 0.618213
818 0.618089
819 0.617966
820 0.617843
821 0.61772
822 0.617598
823 0.617476
824 0.617354
825 0.617233
826 0.617112
827 0.616991
828 0.61687
829 0.61675
830 0.61663
831 0.616511
832 0.616391
833 0.616272
834 0.616154
835 0.616035
836 0.615917
837 0.615799
838 0.615682
839 0.615565
840 0.615448
841 0.615331
842 0.615215
843 0.615098
844 0.614983
845 0.614867
846 0.614751
847 0.614636
848 0.614521
849 0.614407
850 0.614292
851 0.614178
852 0.614065
853 0.613951
854 0.613838
855 0.613724
856 0.613612
857 0.613499
858 0.613387
859 0.613275
860 0.613163
861 0.613051
862 0.61294
863 0.612829
864 0.612718
865 0.612607
866 0.612496
867 0.612386
868 0.612276
869 0.612166
870 0.612057
871 0.611948
872 0.611839
873 0.61173
874 0.611621
875 0.611513
876 0.611405
877 0.611297
878 0.611189
879 0.611082
880 0.610974
881 0.610867
882 0.61076
883 0.610654
884 0.610547
885 0.610441
886 0.610335
887 0.61023
888 0.610124
889 0.610019
890 0.609914
891 0.609809
892 0.609704
893 0.6096
894 0.609496
895 0.609392
896 0.609288
897 0.609184
898 0.609081
899 0.608978
900 0.608875
901 0.608773
902 0.60867
903 0.608568
904 0.608466
905 0.608364
906 0.608263
907 0.608161
908 0.60806
909 0.607959
910 0.607858
911 0.607758
912 0.607658
913 0.607558
914 0.607458
915 0.607358
916 0.607258
917 0.607159
918 0.60706
919 0.606961
920 0.606862
921 0.606764
922 0.606666
923 0.606567
924 0.60647
925 0.606372
926 0.606274
927 0.606177
928 0.60608
929 0.605983
930 0.605886
931 0.60579
932 0.605693
933 0.605597
934 0.605501
935 0.605405
936 0.60531
937 0.605215
938 0.605119
939 0.605024
940 0.60493
941 0.604835
942 0.604741
943 0.604647
944 0.604552
945 0.604459
946 0.604365
947 0.604272
948 0.604178
949 0.604085
950 0.603992
951 0.6039
952 0.603807
953 0.603715
954 0.603623
955 0.603531
956 0.603439
957 0.603348
958 0.603257
959 0.603166
960 0.603075
961 0.602984
962 0.602893
963 0.602803
964 0.602713
965 0.602623
966 0.602533
967 0.602444
968 0.602354
969 0.602265
970 0.602176
971 0.602087
972 0.601998
973 0.60191
974 0.601822
975 0.601733
976 0.601645
977 0.601558
978 0.60147
979 0.601383
980 0.601296
981 0.601209
982 0.601122
983 0.601035
984 0.600949
985 0.600863
986 0.600776
987 0.600691
988 0.600605
989 0.600519
990 0.600434
991 0.600349
992 0.600264
993 0.600179
994 0.600094
995 0.60001
996 0.599925
997 0.599841
998 0.599757
999 0.599673
1000 0.59959
