1 0.713046
2 0.695007
3 0.693111
4 0.694779
5 0.694939
6 0.692894
7 0.687894
8 0.681096
9 0.677121
10 0.678391
11 0.679617
12 0.666425
13 0.647894
14 0.630662
15 0.616842
16 0.60692
17 0.600242
18 0.595872
19 0.592945
20 0.590888
21 0.589371
22 0.588113
23 0.586932
24 0.585726
25 0.584487
26 0.583298
27 0.582202
28 0.58122
29 0.580316
30 0.579449
31 0.578614
32 0.577812
33 0.577065
34 0.576391
35 0.575805
36 0.575311
37 0.574904
38 0.574575
39 0.574312
40 0.574103
41 0.57394
42 0.573815
43 0.573718
44 0.573645
45 0.573588
46 0.573544
47 0.57351
48 0.573484
49 0.573463
50 0.573446
51 0.573433
52 0.573423
53 0.573414
54 0.573407
55 0.573402
56 0.573399
57 0.573396
58 0.573394
59 0.573393
60 0.573393
61 0.573393
62 0.573395
63 0.573395
64 0.573397
65 0.573398
66 0.573398
67 0.573398
68 0.573398
69 0.573398
70 0.573402
71 0.573406
72 0.573411
73 0.573417
74 0.573421
75 0.573426
76 0.573431
77 0.573437
78 0.573445
79 0.573452
80 0.573457
81 0.573462
82 0.573469
83 0.573476
84 0.573484
85 0.573491
86 0.5735
87 0.573511
88 0.573525
89 0.573544
90 0.573564
91 0.573585
92 0.573608
93 0.573632
94 0.573656
95 0.573681
96 0.573703
97 0.573721
98 0.573732
99 0.573737
100 0.573737
101 0.573733
102 0.573727
103 0.573721
104 0.573714
105 0.573709
106 0.573702
107 0.573697
108 0.573693
109 0.573689
110 0.573684
111 0.573679
112 0.573674
113 0.573669
114 0.573663
115 0.573657
116 0.573649
117 0.573639
118 0.573628
119 0.573616
120 0.573604
121 0.573591
122 0.573578
123 0.573565
124 0.573552
125 0.57354
126 0.573528
127 0.573519
128 0.57351
129 0.573501
130 0.573493
131 0.573485
132 0.573477
133 0.573469
134 0.57346
135 0.573453
136 0.573445
137 0.573438
138 0.573432
139 0.573426
140 0.573422
141 0.57342
142 0.57342
143 0.573422
144 0.573427
145 0.573433
146 0.573441
147 0.57345
148 0.573457
149 0.573464
150 0.57347
151 0.573475
152 0.573478
153 0.573476
154 0.573472
155 0.573466
156 0.573459
157 0.573451
158 0.573442
159 0.573433
160 0.573423
161 0.573411
162 0.573397
163 0.573382
164 0.573365
165 0.573349
166 0.573333
167 0.573318
168 0.573302
169 0.573283
170 0.573263
171 0.573246
172 0.573236
173 0.573237
174 0.57325
175 0.573271
176 0.573301
177 0.573345
178 0.573406
179 0.573533
180 0.573789
181 0.574268
182 0.575103
183 0.576229
184 0.577008
185 0.576817
186 0.575968
187 0.575234
188 0.575025
189 0.57523
190 0.575363
191 0.575137
192 0.57469
193 0.574221
194 0.573838
195 0.573562
196 0.573371
197 0.573238
198 0.573147
199 0.573085
200 0.573042
201 0.573013
202 0.572993
203 0.57298
204 0.57297
205 0.572963
206 0.572958
207 0.572956
208 0.572954
209 0.572954
210 0.572955
211 0.572956
212 0.572957
213 0.572959
214 0.57296
215 0.572961
216 0.572961
217 0.572961
218 0.572961
219 0.572961
220 0.572961
221 0.572961
222 0.572961
223 0.572961
224 0.572961
225 0.572961
226 0.572962
227 0.572962
228 0.572962
229 0.572963
230 0.572963
231 0.572963
232 0.572963
233 0.572963
234 0.572962
235 0.572962
236 0.572962
237 0.572961
238 0.572961
239 0.572961
240 0.57296
241 0.57296
242 0.572959
243 0.572959
244 0.572959
245 0.572959
246 0.57296
247 0.572961
248 0.572961
249 0.572961
250 0.572961
251 0.572961
252 0.572962
253 0.572962
254 0.572962
255 0.572963
256 0.572963
257 0.572962
258 0.572962
259 0.572964
260 0.572966
261 0.572969
262 0.572973
263 0.572978
264 0.572985
265 0.572994
266 0.573008
267 0.573028
268 0.57306
269 0.573113
270 0.573199
271 0.573337
272 0.573533
273 0.57377
274 0.574009
275 0.574206
276 0.574327
277 0.574331
278 0.574193
279 0.573949
280 0.573701
281 0.573508
282 0.573363
283 0.573247
284 0.573157
285 0.573091
286 0.573045
287 0.573013
288 0.572992
289 0.572978
290 0.572969
291 0.572962
292 0.572957
293 0.572953
294 0.57295
295 0.572948
296 0.572946
297 0.572945
298 0.572944
299 0.572944
300 0.572944
301 0.572944
302 0.572945
303 0.572945
304 0.572945
305 0.572945
306 0.572945
307 0.572945
308 0.572945
309 0.572945
310 0.572944
311 0.572944
312 0.572944
313 0.572943
314 0.572943
315 0.572942
316 0.572942
317 0.572942
318 0.572942
319 0.572942
320 0.572942
321 0.572942
322 0.572942
323 0.572942
324 0.572943
325 0.572943
326 0.572943
327 0.572943
328 0.572943
329 0.572943
330 0.572943
331 0.572943
332 0.572943
333 0.572942
334 0.572943
335 0.572943
336 0.572943
337 0.572944
338 0.572944
339 0.572945
340 0.572945
341 0.572946
342 0.572946
343 0.572946
344 0.572947
345 0.572947
346 0.572948
347 0.572948
348 0.572949
349 0.57295
350 0.57295
351 0.572951
352 0.572952
353 0.572953
354 0.572954
355 0.572955
356 0.572955
357 0.572956
358 0.572957
359 0.572958
360 0.572959
361 0.57296
362 0.57296
363 0.572962
364 0.572963
365 0.572964
366 0.572965
367 0.572966
368 0.572968
369 0.572969
370 0.57297
371 0.572971
372 0.572971
373 0.572972
374 0.572973
375 0.572974
376 0.572975
377 0.572975
378 0.572976
379 0.572978
380 0.572981
381 0.572984
382 0.572988
383 0.572992
384 0.572996
385 0.573001
386 0.573007
387 0.573013
388 0.57302
389 0.573027
390 0.573035
391 0.573044
392 0.573053
393 0.573063
394 0.573072
395 0.573082
396 0.573091
397 0.5731
398 0.573111
399 0.573123
400 0.573135
401 0.573149
402 0.573166
403 0.573188
404 0.573216
405 0.573256
406 0.573315
407 0.573409
408 0.573582
409 0.573943
410 0.574877
411 0.577212
412 0.581038
413 0.584738
414 0.585668
415 0.584799
416 0.583652
417 0.582426
418 0.581338
419 0.580597
420 0.580011
421 0.579476
422 0.579135
423 0.579082
424 0.579296
425 0.579754
426 0.580909
427 0.58372
428 0.587847
429 0.582607
430 0.577948
431 0.575549
432 0.574539
433 0.574237
434 0.574235
435 0.574226
436 0.57399
437 0.573599
438 0.573297
439 0.573159
440 0.573139
441 0.573208
442 0.573308
443 0.573474
444 0.57375
445 0.574344
446 0.575628
447 0.57725
448 0.579441
449 0.580813
450 0.58128
451 0.58083
452 0.580178
453 0.580074
454 0.580268
455 0.581508
456 0.583388
457 0.584732
458 0.585481
459 0.58567
460 0.585457
461 0.58507
462 0.58478
463 0.584344
464 0.58388
465 0.583253
466 0.582583
467 0.582061
468 0.581536
469 0.58111
470 0.580736
471 0.580417
472 0.580044
473 0.579579
474 0.579189
475 0.578823
476 0.578535
477 0.578335
478 0.578115
479 0.577879
480 0.57769
481 0.577529
482 0.577428
483 0.577396
484 0.577362
485 0.577233
486 0.577063
487 0.576917
488 0.576792
489 0.576676
490 0.576577
491 0.57647
492 0.576383
493 0.576324
494 0.576275
495 0.576233
496 0.576207
497 0.576241
498 0.57636
499 0.57651
500 0.576698
501 0.576893
502 0.577091
503 0.577296
504 0.5775
505 0.577674
506 0.577787
507 0.577779
508 0.577703
509 0.57769
510 0.577741
511 0.57779
512 0.577816
513 0.577847
514 0.577871
515 0.577859
516 0.577765
517 0.577546
518 0.577278
519 0.577014
520 0.576727
521 0.576445
522 0.576184
523 0.575966
524 0.575777
525 0.575604
526 0.575445
527 0.575293
528 0.575164
529 0.575054
530 0.574956
531 0.57488
532 0.574819
533 0.574769
534 0.574735
535 0.574714
536 0.574697
537 0.574683
538 0.574674
539 0.574674
540 0.574671
541 0.574671
542 0.574681
543 0.574699
544 0.574723
545 0.574754
546 0.57479
547 0.574835
548 0.574891
549 0.574956
550 0.575035
551 0.575129
552 0.575257
553 0.575451
554 0.575754
555 0.576206
556 0.576705
557 0.577261
558 0.577646
559 0.577742
560 0.577626
561 0.577372
562 0.577215
563 0.577139
564 0.57707
565 0.577044
566 0.57702
567 0.57698
568 0.576927
569 0.576868
570 0.576846
571 0.576857
572 0.576853
573 0.576827
574 0.576784
575 0.576713
576 0.576665
577 0.576649
578 0.576641
579 0.576617
580 0.576593
581 0.576585
582 0.576599
583 0.576623
584 0.576643
585 0.576635
586 0.576612
587 0.576585
588 0.576554
589 0.57652
590 0.576491
591 0.576475
592 0.576447
593 0.576416
594 0.576384
595 0.576343
596 0.576312
597 0.576275
598 0.576201
599 0.576107
600 0.576006
601 0.575906
602 0.575795
603 0.575693
604 0.575609
605 0.575543
606 0.575505
607 0.575468
608 0.575439
609 0.575422
610 0.575407
611 0.575382
612 0.575349
613 0.575306
614 0.57526
615 0.575215
616 0.575184
617 0.575147
618 0.575099
619 0.575051
620 0.575012
621 0.574974
622 0.574917
623 0.574834
624 0.574778
625 0.574676
626 0.574599
627 0.574556
628 0.574532
629 0.574523
630 0.574515
631 0.574483
632 0.574439
633 0.574398
634 0.574346
635 0.574298
636 0.57427
637 0.574259
638 0.574247
639 0.574235
640 0.574218
641 0.574202
642 0.57419
643 0.574181
644 0.574166
645 0.574129
646 0.574135
647 0.574118
648 0.574065
649 0.574006
650 0.573904
651 0.573811
652 0.573766
653 0.573728
654 0.573685
655 0.573646
656 0.573613
657 0.573582
658 0.573555
659 0.573534
660 0.57351
661 0.573492
662 0.573475
663 0.573458
664 0.573448
665 0.573444
666 0.57345
667 0.573459
668 0.573475
669 0.573502
670 0.573542
671 0.573615
672 0.573734
673 0.573842
674 0.57393
675 0.574137
676 0.574209
677 0.574274
678 0.574276
679 0.57447
680 0.574703
681 0.57487
682 0.574913
683 0.574942
684 0.574947
685 0.574935
686 0.574918
687 0.574889
688 0.57486
689 0.574846
690 0.574813
691 0.574737
692 0.574636
693 0.57461
694 0.574699
695 0.574765
696 0.57479
697 0.574816
698 0.574746
699 0.574666
700 0.574599
701 0.574571
702 0.574539
703 0.574491
704 0.574472
705 0.574467
706 0.574456
707 0.57446
708 0.574504
709 0.57453
710 0.574507
711 0.574436
712 0.574363
713 0.574291
714 0.574219
715 0.57424
716 0.574242
717 0.57415
718 0.574037
719 0.573988
720 0.573932
721 0.573883
722 0.573862
723 0.5739
724 0.573981
725 0.574029
726 0.574042
727 0.574069
728 0.574027
729 0.574008
730 0.573961
731 0.573868
732 0.5738
733 0.573756
734 0.573716
735 0.573669
736 0.573634
737 0.573599
738 0.573556
739 0.573511
740 0.573458
741 0.573427
742 0.573412
743 0.573422
744 0.573464
745 0.573474
746 0.573468
747 0.573458
748 0.573455
749 0.573458
750 0.57347
751 0.573487
752 0.573507
753 0.573542
754 0.573579
755 0.573599
756 0.573606
757 0.573609
758 0.573607
759 0.573609
760 0.573618
761 0.573629
762 0.573639
763 0.57365
764 0.573663
765 0.573678
766 0.57369
767 0.573697
768 0.573691
769 0.573682
770 0.57368
771 0.573679
772 0.573672
773 0.573662
774 0.573652
775 0.573649
776 0.573647
777 0.573643
778 0.573634
779 0.573619
780 0.573599
781 0.573587
782 0.573573
783 0.573552
784 0.573528
785 0.573518
786 0.573508
787 0.573492
788 0.573468
789 0.573454
790 0.573436
791 0.573409
792 0.573391
793 0.573392
794 0.573395
795 0.573385
796 0.573371
797 0.573362
798 0.573369
799 0.573408
800 0.57347
801 0.573536
802 0.573609
803 0.573709
804 0.573906
805 0.574256
806 0.574783
807 0.575563
808 0.57663
809 0.578677
810 0.581129
811 0.583705
812 0.582049
813 0.580306
814 0.578823
815 0.576945
816 0.576146
817 0.576541
818 0.577399
819 0.577828
820 0.576878
821 0.575444
822 0.574751
823 0.575925
824 0.576865
825 0.576489
826 0.576
827 0.575801
828 0.575823
829 0.575902
830 0.576006
831 0.576135
832 0.576322
833 0.576552
834 0.576815
835 0.577085
836 0.577313
837 0.577432
838 0.577411
839 0.577407
840 0.577384
841 0.577386
842 0.577428
843 0.577308
844 0.57693
845 0.576584
846 0.576165
847 0.575806
848 0.575692
849 0.575303
850 0.575033
851 0.574672
852 0.5744
853 0.574229
854 0.574088
855 0.574078
856 0.574125
857 0.573978
858 0.57369
859 0.573413
860 0.573236
861 0.573233
862 0.573501
863 0.57391
864 0.574306
865 0.574563
866 0.5745
867 0.574254
868 0.574033
869 0.573957
870 0.57406
871 0.574264
872 0.574558
873 0.574911
874 0.57544
875 0.575922
876 0.57645
877 0.576893
878 0.576981
879 0.576915
880 0.576666
881 0.576099
882 0.575465
883 0.574844
884 0.574319
885 0.573934
886 0.573683
887 0.573505
888 0.5734
889 0.573344
890 0.573311
891 0.573306
892 0.573296
893 0.573284
894 0.573269
895 0.573268
896 0.573272
897 0.573281
898 0.573291
899 0.573302
900 0.57334
901 0.573391
902 0.573428
903 0.573501
904 0.573616
905 0.57381
906 0.574408
907 0.575568
908 0.575882
909 0.574954
910 0.573981
911 0.573496
912 0.573342
913 0.573404
914 0.573566
915 0.573685
916 0.573679
917 0.573574
918 0.573477
919 0.573422
920 0.573366
921 0.573288
922 0.573271
923 0.573377
924 0.573631
925 0.573918
926 0.574075
927 0.573975
928 0.573758
929 0.573684
930 0.573659
931 0.573546
932 0.573409
933 0.573403
934 0.573578
935 0.573766
936 0.573794
937 0.573702
938 0.5736
939 0.573549
940 0.573498
941 0.573488
942 0.573488
943 0.573486
944 0.573489
945 0.573489
946 0.573497
947 0.573481
948 0.573489
949 0.573469
950 0.573424
951 0.57342
952 0.57338
953 0.573342
954 0.573281
955 0.573207
956 0.573142
957 0.57309
958 0.573053
959 0.573026
960 0.573007
961 0.573
962 0.572997
963 0.573001
964 0.573005
965 0.57301
966 0.573014
967 0.573025
968 0.573044
969 0.573081
970 0.573115
971 0.573145
972 0.573173
973 0.573193
974 0.573214
975 0.573261
976 0.573362
977 0.573484
978 0.573562
979 0.573622
980 0.573674
981 0.573723
982 0.573769
983 0.573812
984 0.573852
985 0.573886
986 0.573923
987 0.57396
988 0.573993
989 0.57403
990 0.574074
991 0.574115
992 0.574159
993 0.574208
994 0.574255
995 0.574301
996 0.574346
997 0.574383
998 0.574426
999 0.574477
1000 0.574529
