1 0.719149
2 0.718696
3 0.718234
4 0.717765
5 0.71729
6 0.716811
7 0.716329
8 0.715843
9 0.715355
10 0.714864
11 0.71437
12 0.713875
13 0.713379
14 0.712881
15 0.712381
16 0.711881
17 0.711379
18 0.710876
19 0.710372
20 0.709867
21 0.709359
22 0.708851
23 0.708342
24 0.707831
25 0.707318
26 0.706804
27 0.706288
28 0.705771
29 0.705251
30 0.704729
31 0.704204
32 0.703676
33 0.703146
34 0.702612
35 0.702076
36 0.701536
37 0.700993
38 0.700446
39 0.699896
40 0.699342
41 0.698784
42 0.698222
43 0.697657
44 0.697087
45 0.696513
46 0.695935
47 0.695353
48 0.694767
49 0.694178
50 0.693586
51 0.69299
52 0.692392
53 0.69179
54 0.691185
55 0.690577
56 0.689966
57 0.689353
58 0.688739
59 0.688122
60 0.687504
61 0.686884
62 0.686262
63 0.685639
64 0.685015
65 0.68439
66 0.683766
67 0.683141
68 0.682517
69 0.681893
70 0.681269
71 0.680646
72 0.680025
73 0.679404
74 0.678785
75 0.678167
76 0.677552
77 0.676938
78 0.676325
79 0.675715
80 0.675108
81 0.674503
82 0.673902
83 0.673302
84 0.672706
85 0.672112
86 0.671521
87 0.670933
88 0.670348
89 0.669766
90 0.669187
91 0.668611
92 0.668039
93 0.667469
94 0.666903
95 0.666341
96 0.665782
97 0.665227
98 0.664677
99 0.66413
100 0.663587
101 0.663048
102 0.662513
103 0.661983
104 0.661456
105 0.660933
106 0.660415
107 0.659899
108 0.659388
109 0.658881
110 0.658377
111 0.657878
112 0.657383
113 0.656893
114 0.656405
115 0.655922
116 0.655443
117 0.654968
118 0.654497
119 0.65403
120 0.653567
121 0.653107
122 0.652652
123 0.652201
124 0.651754
125 0.65131
126 0.650871
127 0.650435
128 0.650004
129 0.649577
130 0.649154
131 0.648735
132 0.64832
133 0.647908
134 0.647501
135 0.647097
136 0.646697
137 0.646301
138 0.645908
139 0.64552
140 0.645135
141 0.644754
142 0.644377
143 0.644003
144 0.643633
145 0.643267
146 0.642904
147 0.642545
148 0.64219
149 0.641838
150 0.64149
151 0.641146
152 0.640805
153 0.640468
154 0.640133
155 0.639803
156 0.639475
157 0.639151
158 0.638831
159 0.638513
160 0.638198
161 0.637887
162 0.637579
163 0.637273
164 0.636971
165 0.636672
166 0.636376
167 0.636083
168 0.635792
169 0.635505
170 0.63522
171 0.634938
172 0.634659
173 0.634383
174 0.634109
175 0.633839
176 0.63357
177 0.633305
178 0.633042
179 0.632781
180 0.632523
181 0.632267
182 0.632014
183 0.631763
184 0.631515
185 0.631269
186 0.631024
187 0.630782
188 0.630542
189 0.630304
190 0.630068
191 0.629834
192 0.629602
193 0.629371
194 0.629142
195 0.628916
196 0.628691
197 0.628468
198 0.628247
199 0.628028
200 0.62781
201 0.627594
202 0.62738
203 0.627168
204 0.626958
205 0.626749
206 0.626542
207 0.626336
208 0.626132
209 0.625929
210 0.625728
211 0.625528
212 0.62533
213 0.625133
214 0.624938
215 0.624743
216 0.624551
217 0.624359
218 0.624169
219 0.623979
220 0.623791
221 0.623604
222 0.623418
223 0.623233
224 0.623049
225 0.622866
226 0.622684
227 0.622503
228 0.622322
229 0.622142
230 0.621964
231 0.621786
232 0.621608
233 0.621432
234 0.621256
235 0.621082
236 0.620908
237 0.620734
238 0.620561
239 0.620389
240 0.620218
241 0.620047
242 0.619877
243 0.619707
244 0.619538
245 0.61937
246 0.619202
247 0.619035
248 0.618868
249 0.618701
250 0.618536
251 0.61837
252 0.618206
253 0.618041
254 0.617877
255 0.617714
256 0.617551
257 0.617389
258 0.617226
259 0.617065
260 0.616904
261 0.616743
262 0.616582
263 0.616422
264 0.616262
265 0.616103
266 0.615944
267 0.615785
268 0.615627
269 0.615469
270 0.615311
271 0.615153
272 0.614996
273 0.614839
274 0.614682
275 0.614526
276 0.61437
277 0.614214
278 0.614059
279 0.613905
280 0.61375
281 0.613597
282 0.613443
283 0.61329
284 0.613138
285 0.612986
286 0.612834
287 0.612683
288 0.612532
289 0.612382
290 0.612232
291 0.612083
292 0.611935
293 0.611787
294 0.611639
295 0.611493
296 0.611346
297 0.6112
298 0.611055
299 0.61091
300 0.610766
301 0.610622
302 0.610479
303 0.610337
304 0.610194
305 0.610053
306 0.609912
307 0.609771
308 0.609631
309 0.609491
310 0.609351
311 0.609213
312 0.609074
313 0.608936
314 0.608799
315 0.608661
316 0.608525
317 0.608388
318 0.608252
319 0.608117
320 0.607981
321 0.607846
322 0.607712
323 0.607577
324 0.607443
325 0.60731
326 0.607176
327 0.607043
328 0.606909
329 0.606777
330 0.606644
331 0.606511
332 0.606379
333 0.606247
334 0.606115
335 0.605983
336 0.605852
337 0.60572
338 0.605589
339 0.605457
340 0.605326
341 0.605195
342 0.605064
343 0.604933
344 0.604802
345 0.604671
346 0.60454
347 0.604409
348 0.604278
349 0.604147
350 0.604016
351 0.603884
352 0.603753
353 0.603621
354 0.60349
355 0.603358
356 0.603226
357 0.603094
358 0.602962
359 0.60283
360 0.602697
361 0.602565
362 0.602432
363 0.602299
364 0.602166
365 0.602033
366 0.6019
367 0.601767
368 0.601633
369 0.601499
370 0.601366
371 0.601232
372 0.601098
373 0.600963
374 0.600829
375 0.600695
376 0.60056
377 0.600425
378 0.600291
379 0.600156
380 0.600021
381 0.599886
382 0.599751
383 0.599616
384 0.599481
385 0.599345
386 0.59921
387 0.599075
388 0.59894
389 0.598804
390 0.598669
391 0.598534
392 0.598398
393 0.598263
394 0.598128
395 0.597993
396 0.597857
397 0.597722
398 0.597587
399 0.597452
400 0.597317
401 0.597182
402 0.597047
403 0.596912
404 0.596777
405 0.596643
406 0.596508
407 0.596374
408 0.596239
409 0.596105
410 0.595971
411 0.595837
412 0.595704
413 0.59557
414 0.595437
415 0.595304
416 0.595171
417 0.595038
418 0.594906
419 0.594774
420 0.594642
421 0.59451
422 0.594378
423 0.594247
424 0.594116
425 0.593985
426 0.593855
427 0.593724
428 0.593594
429 0.593465
430 0.593335
431 0.593206
432 0.593078
433 0.592949
434 0.592821
435 0.592694
436 0.592566
437 0.592439
438 0.592313
439 0.592186
440 0.592061
441 0.591935
442 0.59181
443 0.591685
444 0.591561
445 0.591437
446 0.591314
447 0.591191
448 0.591068
449 0.590946
450 0.590824
451 0.590703
452 0.590582
453 0.590462
454 0.590342
455 0.590222
456 0.590103
457 0.589985
458 0.589867
459 0.589749
460 0.589632
461 0.589515
462 0.589399
463 0.589284
464 0.589169
465 0.589054
466 0.58894
467 0.588826
468 0.588713
469 0.5886
470 0.588488
471 0.588377
472 0.588266
473 0.588155
474 0.588045
475 0.587936
476 0.587827
477 0.587719
478 0.587611
479 0.587504
480 0.587397
481 0.587291
482 0.587186
483 0.587081
484 0.586977
485 0.586873
486 0.586769
487 0.586667
488 0.586565
489 0.586463
490 0.586362
491 0.586262
492 0.586162
493 0.586062
494 0.585963
495 0.585865
496 0.585768
497 0.58567
498 0.585574
499 0.585478
500 0.585382
501 0.585288
502 0.585193
503 0.5851
504 0.585006
505 0.584914
506 0.584822
507 0.58473
508 0.58464
509 0.584549
510 0.58446
511 0.58437
512 0.584282
513 0.584194
514 0.584106
515 0.584019
516 0.583933
517 0.583847
518 0.583762
519 0.583677
520 0.583593
521 0.583509
522 0.583426
523 0.583344
524 0.583262
525 0.58318
526 0.583099
527 0.583019
528 0.582939
529 0.58286
530 0.582781
531 0.582703
532 0.582625
533 0.582548
534 0.582471
535 0.582395
536 0.582319
537 0.582244
538 0.58217
539 0.582096
540 0.582022
541 0.581949
542 0.581877
543 0.581805
544 0.581733
545 0.581662
546 0.581592
547 0.581522
548 0.581453
549 0.581384
550 0.581315
551 0.581247
552 0.58118
553 0.581113
554 0.581046
555 0.58098
556 0.580915
557 0.58085
558 0.580785
559 0.580721
560 0.580658
561 0.580595
562 0.580532
563 0.58047
564 0.580408
565 0.580347
566 0.580286
567 0.580226
568 0.580166
569 0.580106
570 0.580047
571 0.579989
572 0.57993
573 0.579873
574 0.579815
575 0.579759
576 0.579702
577 0.579646
578 0.579591
579 0.579536
580 0.579481
581 0.579427
582 0.579373
583 0.579319
584 0.579266
585 0.579214
586 0.579162
587 0.57911
588 0.579058
589 0.579008
590 0.578957
591 0.578907
592 0.578857
593 0.578808
594 0.578759
595 0.57871
596 0.578662
597 0.578614
598 0.578566
599 0.578519
600 0.578473
601 0.578426
602 0.57838
603 0.578335
604 0.578289
605 0.578245
606 0.5782
607 0.578156
608 0.578112
609 0.578069
610 0.578025
611 0.577983
612 0.57794
613 0.577898
614 0.577856
615 0.577815
616 0.577774
617 0.577733
618 0.577693
619 0.577653
620 0.577613
621 0.577573
622 0.577534
623 0.577495
624 0.577457
625 0.577419
626 0.577381
627 0.577343
628 0.577306
629 0.577269
630 0.577232
631 0.577196
632 0.57716
633 0.577124
634 0.577089
635 0.577053
636 0.577019
637 0.576984
638 0.57695
639 0.576916
640 0.576882
641 0.576848
642 0.576815
643 0.576782
644 0.57675
645 0.576717
646 0.576685
647 0.576654
648 0.576622
649 0.576591
650 0.57656
651 0.576529
652 0.576498
653 0.576468
654 0.576438
655 0.576409
656 0.576379
657 0.57635
658 0.576321
659 0.576292
660 0.576264
661 0.576235
662 0.576207
663 0.576179
664 0.576152
665 0.576125
666 0.576098
667 0.576071
668 0.576044
669 0.576018
670 0.575992
671 0.575966
672 0.57594
673 0.575914
674 0.575889
675 0.575864
676 0.575839
677 0.575815
678 0.57579
679 0.575766
680 0.575742
681 0.575718
682 0.575695
683 0.575671
684 0.575648
685 0.575625
686 0.575602
687 0.57558
688 0.575557
689 0.575535
690 0.575513
691 0.575491
692 0.57547
693 0.575448
694 0.575427
695 0.575406
696 0.575385
697 0.575365
698 0.575344
699 0.575324
700 0.575304
701 0.575284
702 0.575264
703 0.575244
704 0.575225
705 0.575206
706 0.575187
707 0.575168
708 0.575149
709 0.575131
710 0.575112
711 0.575094
712 0.575076
713 0.575058
714 0.575041
715 0.575023
716 0.575006
717 0.574988
718 0.574971
719 0.574954
720 0.574938
721 0.574921
722 0.574904
723 0.574888
724 0.574872
725 0.574856
726 0.57484
727 0.574824
728 0.574809
729 0.574793
730 0.574778
731 0.574763
732 0.574748
733 0.574733
734 0.574718
735 0.574704
736 0.574689
737 0.574675
738 0.574661
739 0.574647
740 0.574633
741 0.574619
742 0.574605
743 0.574592
744 0.574578
745 0.574565
746 0.574552
747 0.574539
748 0.574526
749 0.574513
750 0.574501
751 0.574488
752 0.574476
753 0.574463
754 0.574451
755 0.574439
756 0.574427
757 0.574415
758 0.574403
759 0.574392
760 0.57438
761 0.574369
762 0.574358
763 0.574346
764 0.574335
765 0.574324
766 0.574313
767 0.574303
768 0.574292
769 0.574281
770 0.574271
771 0.574261
772 0.57425
773 0.57424
774 0.57423
775 0.57422
776 0.57421
777 0.574201
778 0.574191
779 0.574181
780 0.574172
781 0.574163
782 0.574153
783 0.574144
784 0.574135
785 0.574126
786 0.574117
787 0.574108
788 0.574099
789 0.574091
790 0.574082
791 0.574074
792 0.574065
793 0.574057
794 0.574049
795 0.574041
796 0.574032
797 0.574024
798 0.574016
799 0.574009
800 0.574001
801 0.573993
802 0.573986
803 0.573978
804 0.573971
805 0.573963
806 0.573956
807 0.573949
808 0.573941
809 0.573934
810 0.573927
811 0.57392
812 0.573914
813 0.573907
814 0.5739
815 0.573893
816 0.573887
817 0.57388
818 0.573874
819 0.573867
820 0.573861
821 0.573855
822 0.573848
823 0.573842
824 0.573836
825 0.57383
826 0.573824
827 0.573818
828 0.573813
829 0.573807
830 0.573801
831 0.573795
832 0.57379
833 0.573784
834 0.573779
835 0.573773
836 0.573768
837 0.573763
838 0.573757
839 0.573752
840 0.573747
841 0.573742
842 0.573737
843 0.573732
844 0.573727
845 0.573722
846 0.573717
847 0.573713
848 0.573708
849 0.573703
850 0.573698
851 0.573694
852 0.573689
853 0.573685
854 0.57368
855 0.573676
856 0.573672
857 0.573667
858 0.573663
859 0.573659
860 0.573655
861 0.573651
862 0.573647
863 0.573642
864 0.573638
865 0.573635
866 0.573631
867 0.573627
868 0.573623
869 0.573619
870 0.573615
871 0.573612
872 0.573608
873 0.573604
874 0.573601
875 0.573597
876 0.573594
877 0.57359
878 0.573587
879 0.573584
880 0.57358
881 0.573577
882 0.573574
883 0.57357
884 0.573567
885 0.573564
886 0.573561
887 0.573558
888 0.573555
889 0.573552
890 0.573549
891 0.573546
892 0.573543
893 0.57354
894 0.573537
895 0.573534
896 0.573531
897 0.573528
898 0.573526
899 0.573523
900 0.57352
901 0.573518
902 0.573515
903 0.573512
904 0.57351
905 0.573507
906 0.573505
907 0.573502
908 0.5735
909 0.573497
910 0.573495
911 0.573492
912 0.57349
913 0.573488
914 0.573486
915 0.573483
916 0.573481
917 0.573479
918 0.573477
919 0.573474
920 0.573472
921 0.57347
922 0.573468
923 0.573466
924 0.573464
925 0.573462
926 0.57346
927 0.573458
928 0.573456
929 0.573454
930 0.573452
931 0.57345
932 0.573448
933 0.573447
934 0.573445
935 0.573443
936 0.573441
937 0.573439
938 0.573438
939 0.573436
940 0.573434
941 0.573433
942 0.573431
943 0.573429
944 0.573428
945 0.573426
946 0.573425
947 0.573423
948 0.573422
949 0.57342
950 0.573419
951 0.573417
952 0.573416
953 0.573414
954 0.573413
955 0.573411
956 0.57341
957 0.573409
958 0.573407
959 0.573406
960 0.573405
961 0.573403
962 0.573402
963 0.573401
964 0.5734
965 0.573398
966 0.573397
967 0.573396
968 0.573395
969 0.573394
970 0.573392
971 0.573391
972 0.57339
973 0.573389
974 0.573388
975 0.573387
976 0.573386
977 0.573385
978 0.573384
979 0.573383
980 0.573382
981 0.573381
982 0.57338
983 0.573379
984 0.573378
985 0.573377
986 0.573376
987 0.573375
988 0.573374
989 0.573373
990 0.573373
991 0.573372
992 0.573371
993 0.57337
994 0.573369
995 0.573368
996 0.573368
997 0.573367
998 0.573366
999 0.573365
1000 0.573365
