1 0.716571
2 0.71621
3 0.715856
4 0.715508
5 0.715167
6 0.714831
7 0.714501
8 0.714178
9 0.713861
10 0.713549
11 0.713243
12 0.712943
13 0.712649
14 0.71236
15 0.712077
16 0.711797
17 0.711522
18 0.711249
19 0.710979
20 0.710711
21 0.710445
22 0.710179
23 0.709915
24 0.709651
25 0.709388
26 0.709124
27 0.708861
28 0.708599
29 0.708338
30 0.708077
31 0.707818
32 0.707559
33 0.707298
34 0.707036
35 0.706772
36 0.706505
37 0.706238
38 0.705969
39 0.705696
40 0.70542
41 0.705138
42 0.704851
43 0.70456
44 0.704265
45 0.703963
46 0.703654
47 0.703338
48 0.703015
49 0.702684
50 0.702346
51 0.702001
52 0.701649
53 0.701289
54 0.700922
55 0.700546
56 0.700161
57 0.699767
58 0.699366
59 0.698956
60 0.698537
61 0.698107
62 0.697667
63 0.697216
64 0.696753
65 0.696278
66 0.695789
67 0.695289
68 0.694778
69 0.694254
70 0.69372
71 0.693175
72 0.69262
73 0.692054
74 0.691479
75 0.690893
76 0.690299
77 0.689694
78 0.689081
79 0.68846
80 0.687832
81 0.687196
82 0.686553
83 0.685903
84 0.685247
85 0.684585
86 0.683918
87 0.683247
88 0.682571
89 0.681891
90 0.681207
91 0.680519
92 0.679828
93 0.679134
94 0.678436
95 0.677735
96 0.677032
97 0.676327
98 0.675622
99 0.674915
100 0.674209
101 0.673501
102 0.672794
103 0.672086
104 0.671376
105 0.670667
106 0.669956
107 0.669245
108 0.668534
109 0.667823
110 0.667112
111 0.666401
112 0.66569
113 0.66498
114 0.664269
115 0.663558
116 0.662847
117 0.662136
118 0.661425
119 0.660714
120 0.660004
121 0.659294
122 0.658584
123 0.657875
124 0.657167
125 0.65646
126 0.655754
127 0.655048
128 0.654344
129 0.653642
130 0.652942
131 0.652245
132 0.65155
133 0.650857
134 0.650168
135 0.649482
136 0.648799
137 0.64812
138 0.647446
139 0.646775
140 0.646109
141 0.645447
142 0.644789
143 0.644137
144 0.643489
145 0.642845
146 0.642206
147 0.641571
148 0.640941
149 0.640315
150 0.639693
151 0.639075
152 0.638461
153 0.63785
154 0.637243
155 0.636639
156 0.636038
157 0.63544
158 0.634845
159 0.634252
160 0.633662
161 0.633074
162 0.632489
163 0.631906
164 0.631325
165 0.630745
166 0.630166
167 0.629589
168 0.629013
169 0.628438
170 0.627864
171 0.627291
172 0.626718
173 0.626146
174 0.625574
175 0.625003
176 0.624433
177 0.623864
178 0.623296
179 0.622728
180 0.622161
181 0.621594
182 0.621029
183 0.620464
184 0.619901
185 0.619338
186 0.618776
187 0.618215
188 0.617656
189 0.617098
190 0.616542
191 0.615986
192 0.615433
193 0.614881
194 0.614331
195 0.613783
196 0.613237
197 0.612693
198 0.612151
199 0.611612
200 0.611075
201 0.610541
202 0.61001
203 0.609482
204 0.608958
205 0.608436
206 0.607919
207 0.607405
208 0.606895
209 0.606389
210 0.605888
211 0.605391
212 0.604899
213 0.604412
214 0.60393
215 0.603453
216 0.602981
217 0.602514
218 0.602052
219 0.601597
220 0.601147
221 0.600703
222 0.600265
223 0.599833
224 0.599407
225 0.598987
226 0.598573
227 0.598166
228 0.597765
229 0.59737
230 0.596981
231 0.596599
232 0.596223
233 0.595853
234 0.59549
235 0.595132
236 0.594781
237 0.594435
238 0.594096
239 0.593762
240 0.593435
241 0.593113
242 0.592796
243 0.592486
244 0.59218
245 0.59188
246 0.591586
247 0.591297
248 0.591012
249 0.590733
250 0.590459
251 0.59019
252 0.589925
253 0.589665
254 0.589409
255 0.589158
256 0.588911
257 0.588669
258 0.588431
259 0.588197
260 0.587966
261 0.58774
262 0.587518
263 0.587299
264 0.587084
265 0.586873
266 0.586665
267 0.586461
268 0.58626
269 0.586062
270 0.585868
271 0.585677
272 0.585488
273 0.585303
274 0.585121
275 0.584942
276 0.584766
277 0.584592
278 0.584421
279 0.584253
280 0.584088
281 0.583925
282 0.583765
283 0.583607
284 0.583452
285 0.583299
286 0.583149
287 0.583001
288 0.582855
289 0.582712
290 0.582571
291 0.582432
292 0.582295
293 0.582161
294 0.582028
295 0.581898
296 0.58177
297 0.581644
298 0.58152
299 0.581398
300 0.581278
301 0.58116
302 0.581044
303 0.580929
304 0.580817
305 0.580706
306 0.580597
307 0.58049
308 0.580385
309 0.580281
310 0.580179
311 0.580079
312 0.579981
313 0.579884
314 0.579788
315 0.579694
316 0.579602
317 0.579512
318 0.579422
319 0.579335
320 0.579249
321 0.579164
322 0.579081
323 0.578999
324 0.578918
325 0.578839
326 0.578761
327 0.578685
328 0.578609
329 0.578535
330 0.578463
331 0.578391
332 0.578321
333 0.578252
334 0.578184
335 0.578117
336 0.578051
337 0.577987
338 0.577923
339 0.577861
340 0.5778
341 0.57774
342 0.577681
343 0.577622
344 0.577565
345 0.577509
346 0.577454
347 0.5774
348 0.577347
349 0.577294
350 0.577243
351 0.577192
352 0.577143
353 0.577094
354 0.577046
355 0.576999
356 0.576953
357 0.576908
358 0.576863
359 0.576819
360 0.576776
361 0.576734
362 0.576692
363 0.576652
364 0.576611
365 0.576572
366 0.576533
367 0.576496
368 0.576458
369 0.576422
370 0.576386
371 0.57635
372 0.576316
373 0.576282
374 0.576248
375 0.576215
376 0.576183
377 0.576151
378 0.57612
379 0.57609
380 0.57606
381 0.57603
382 0.576001
383 0.575973
384 0.575945
385 0.575918
386 0.575891
387 0.575864
388 0.575838
389 0.575813
390 0.575788
391 0.575764
392 0.57574
393 0.575716
394 0.575693
395 0.57567
396 0.575648
397 0.575626
398 0.575605
399 0.575584
400 0.575563
401 0.575543
402 0.575523
403 0.575504
404 0.575485
405 0.575466
406 0.575447
407 0.575429
408 0.575412
409 0.575394
410 0.575377
411 0.575361
412 0.575344
413 0.575328
414 0.575313
415 0.575297
416 0.575282
417 0.575267
418 0.575253
419 0.575239
420 0.575225
421 0.575211
422 0.575198
423 0.575185
424 0.575172
425 0.575159
426 0.575147
427 0.575135
428 0.575123
429 0.575111
430 0.5751
431 0.575089
432 0.575078
433 0.575067
434 0.575057
435 0.575046
436 0.575036
437 0.575026
438 0.575017
439 0.575007
440 0.574998
441 0.574989
442 0.57498
443 0.574971
444 0.574963
445 0.574954
446 0.574946
447 0.574938
448 0.57493
449 0.574923
450 0.574915
451 0.574908
452 0.574901
453 0.574894
454 0.574887
455 0.57488
456 0.574874
457 0.574867
458 0.574861
459 0.574855
460 0.574849
461 0.574843
462 0.574837
463 0.574831
464 0.574826
465 0.57482
466 0.574815
467 0.57481
468 0.574804
469 0.574799
470 0.574795
471 0.57479
472 0.574785
473 0.57478
474 0.574776
475 0.574772
476 0.574767
477 0.574763
478 0.574759
479 0.574755
480 0.574751
481 0.574747
482 0.574743
483 0.57474
484 0.574736
485 0.574732
486 0.574729
487 0.574726
488 0.574722
489 0.574719
490 0.574716
491 0.574713
492 0.57471
493 0.574707
494 0.574704
495 0.574701
496 0.574698
497 0.574695
498 0.574693
499 0.57469
500 0.574687
501 0.574685
502 0.574682
503 0.57468
504 0.574678
505 0.574675
506 0.574673
507 0.574671
508 0.574669
509 0.574667
510 0.574665
511 0.574663
512 0.574661
513 0.574659
514 0.574657
515 0.574655
516 0.574653
517 0.574651
518 0.57465
519 0.574648
520 0.574646
521 0.574645
522 0.574643
523 0.574642
524 0.57464
525 0.574639
526 0.574637
527 0.574636
528 0.574634
529 0.574633
530 0.574632
531 0.57463
532 0.574629
533 0.574628
534 0.574627
535 0.574626
536 0.574624
537 0.574623
538 0.574622
539 0.574621
540 0.57462
541 0.574619
542 0.574618
543 0.574617
544 0.574616
545 0.574615
546 0.574614
547 0.574613
548 0.574612
549 0.574612
550 0.574611
551 0.57461
552 0.574609
553 0.574608
554 0.574608
555 0.574607
556 0.574606
557 0.574605
558 0.574605
559 0.574604
560 0.574603
561 0.574603
562 0.574602
563 0.574602
564 0.574601
565 0.5746
566 0.5746
567 0.574599
568 0.574599
569 0.574598
570 0.574598
571 0.574597
572 0.574597
573 0.574596
574 0.574596
575 0.574595
576 0.574595
577 0.574594
578 0.574594
579 0.574594
580 0.574593
581 0.574593
582 0.574592
583 0.574592
584 0.574592
585 0.574591
586 0.574591
587 0.574591
588 0.57459
589 0.57459
590 0.57459
591 0.574589
592 0.574589
593 0.574589
594 0.574589
595 0.574588
596 0.574588
597 0.574588
598 0.574587
599 0.574587
600 0.574587
601 0.574587
602 0.574587
603 0.574586
604 0.574586
605 0.574586
606 0.574586
607 0.574585
608 0.574585
609 0.574585
610 0.574585
611 0.574585
612 0.574585
613 0.574584
614 0.574584
615 0.574584
616 0.574584
617 0.574584
618 0.574584
619 0.574583
620 0.574583
621 0.574583
622 0.574583
623 0.574583
624 0.574583
625 0.574583
626 0.574582
627 0.574582
628 0.574582
629 0.574582
630 0.574582
631 0.574582
632 0.574582
633 0.574582
634 0.574582
635 0.574581
636 0.574581
637 0.574581
638 0.574581
639 0.574581
640 0.574581
641 0.574581
642 0.574581
643 0.574581
644 0.574581
645 0.574581
646 0.574581
647 0.57458
648 0.57458
649 0.57458
650 0.57458
651 0.57458
652 0.57458
653 0.57458
654 0.57458
655 0.57458
656 0.57458
657 0.57458
658 0.57458
659 0.57458
660 0.57458
661 0.57458
662 0.57458
663 0.57458
664 0.57458
665 0.57458
666 0.57458
667 0.57458
668 0.57458
669 0.57458
670 0.57458
671 0.57458
672 0.57458
673 0.57458
674 0.57458
675 0.57458
676 0.57458
677 0.57458
678 0.57458
679 0.57458
680 0.57458
681 0.57458
682 0.57458
683 0.57458
684 0.57458
685 0.57458
686 0.57458
687 0.57458
688 0.57458
689 0.57458
690 0.57458
691 0.57458
692 0.57458
693 0.57458
694 0.57458
695 0.57458
696 0.57458
697 0.57458
698 0.57458
699 0.57458
700 0.57458
701 0.57458
702 0.57458
703 0.57458
704 0.57458
705 0.57458
706 0.574581
707 0.574581
708 0.574581
709 0.574581
710 0.574581
711 0.574581
712 0.574581
713 0.574581
714 0.574581
715 0.574581
716 0.574581
717 0.574581
718 0.574581
719 0.574581
720 0.574581
721 0.574582
722 0.574582
723 0.574582
724 0.574582
725 0.574582
726 0.574582
727 0.574582
728 0.574582
729 0.574582
730 0.574582
731 0.574582
732 0.574582
733 0.574583
734 0.574583
735 0.574583
736 0.574583
737 0.574583
738 0.574583
739 0.574583
740 0.574583
741 0.574583
742 0.574583
743 0.574583
744 0.574584
745 0.574584
746 0.574584
747 0.574584
748 0.574584
749 0.574584
750 0.574584
751 0.574584
752 0.574584
753 0.574585
754 0.574585
755 0.574585
756 0.574585
757 0.574585
758 0.574585
759 0.574585
760 0.574585
761 0.574585
762 0.574586
763 0.574586
764 0.574586
765 0.574586
766 0.574586
767 0.574586
768 0.574586
769 0.574586
770 0.574586
771 0.574587
772 0.574587
773 0.574587
774 0.574587
775 0.574587
776 0.574587
777 0.574587
778 0.574587
779 0.574588
780 0.574588
781 0.574588
782 0.574588
783 0.574588
784 0.574588
785 0.574588
786 0.574588
787 0.574589
788 0.574589
789 0.574589
790 0.574589
791 0.574589
792 0.574589
793 0.574589
794 0.57459
795 0.57459
796 0.57459
797 0.57459
798 0.57459
799 0.57459
800 0.57459
801 0.574591
802 0.574591
803 0.574591
804 0.574591
805 0.574591
806 0.574591
807 0.574591
808 0.574592
809 0.574592
810 0.574592
811 0.574592
812 0.574592
813 0.574592
814 0.574593
815 0.574593
816 0.574593
817 0.574593
818 0.574593
819 0.574593
820 0.574593
821 0.574594
822 0.574594
823 0.574594
824 0.574594
825 0.574594
826 0.574595
827 0.574595
828 0.574595
829 0.574595
830 0.574595
831 0.574595
832 0.574596
833 0.574596
834 0.574596
835 0.574596
836 0.574596
837 0.574597
838 0.574597
839 0.574597
840 0.574597
841 0.574597
842 0.574598
843 0.574598
844 0.574598
845 0.574598
846 0.574598
847 0.574599
848 0.574599
849 0.574599
850 0.574599
851 0.574599
852 0.5746
853 0.5746
854 0.5746
855 0.5746
856 0.574601
857 0.574601
858 0.574601
859 0.574601
860 0.574601
861 0.574602
862 0.574602
863 0.574602
864 0.574602
865 0.574603
866 0.574603
867 0.574603
868 0.574603
869 0.574604
870 0.574604
871 0.574604
872 0.574604
873 0.574605
874 0.574605
875 0.574605
876 0.574605
877 0.574606
878 0.574606
879 0.574606
880 0.574606
881 0.574607
882 0.574607
883 0.574607
884 0.574607
885 0.574608
886 0.574608
887 0.574608
888 0.574609
889 0.574609
890 0.574609
891 0.574609
892 0.57461
893 0.57461
894 0.57461
895 0.574611
896 0.574611
897 0.574611
898 0.574612
899 0.574612
900 0.574612
901 0.574613
902 0.574613
903 0.574613
904 0.574614
905 0.574614
906 0.574614
907 0.574615
908 0.574615
909 0.574615
910 0.574616
911 0.574616
912 0.574617
913 0.574617
914 0.574617
915 0.574618
916 0.574618
917 0.574619
918 0.574619
919 0.574619
920 0.57462
921 0.57462
922 0.574621
923 0.574621
924 0.574621
925 0.574622
926 0.574622
927 0.574623
928 0.574623
929 0.574624
930 0.574624
931 0.574625
932 0.574625
933 0.574626
934 0.574626
935 0.574626
936 0.574627
937 0.574627
938 0.574628
939 0.574628
940 0.574629
941 0.574629
942 0.57463
943 0.57463
944 0.574631
945 0.574631
946 0.574632
947 0.574633
948 0.574633
949 0.574634
950 0.574634
951 0.574635
952 0.574635
953 0.574636
954 0.574636
955 0.574637
956 0.574638
957 0.574638
958 0.574639
959 0.574639
960 0.57464
961 0.574641
962 0.574641
963 0.574642
964 0.574642
965 0.574643
966 0.574644
967 0.574644
968 0.574645
969 0.574646
970 0.574646
971 0.574647
972 0.574648
973 0.574648
974 0.574649
975 0.57465
976 0.574651
977 0.574651
978 0.574652
979 0.574653
980 0.574653
981 0.574654
982 0.574655
983 0.574656
984 0.574656
985 0.574657
986 0.574658
987 0.574659
988 0.57466
989 0.57466
990 0.574661
991 0.574662
992 0.574663
993 0.574664
994 0.574664
995 0.574665
996 0.574666
997 0.574667
998 0.574668
999 0.574669
1000 0.57467
