1 0.701624
2 0.678671
3 0.662896
4 0.65919
5 0.661566
6 0.66849
7 0.679465
8 0.693158
9 0.709525
10 0.725776
11 0.738149
12 0.745577
13 0.752951
14 0.762362
15 0.769861
16 0.773377
17 0.774357
18 0.773589
19 0.770512
20 0.76505
21 0.757872
22 0.749291
23 0.740018
24 0.730914
25 0.722253
26 0.714296
27 0.706903
28 0.699832
29 0.69271
30 0.685755
31 0.679089
32 0.672829
33 0.667023
34 0.661377
35 0.655794
36 0.650451
37 0.645376
38 0.640606
39 0.636152
40 0.631891
41 0.627753
42 0.623811
43 0.620071
44 0.616497
45 0.613095
46 0.609889
47 0.60688
48 0.604066
49 0.601444
50 0.599003
51 0.596731
52 0.594616
53 0.592651
54 0.590827
55 0.589139
56 0.587579
57 0.586142
58 0.584824
59 0.583621
60 0.582525
61 0.58153
62 0.580631
63 0.57982
64 0.579092
65 0.57844
66 0.577857
67 0.577339
68 0.576879
69 0.576473
70 0.576115
71 0.575802
72 0.575528
73 0.57529
74 0.575084
75 0.574908
76 0.574757
77 0.574629
78 0.574521
79 0.57443
80 0.574355
81 0.574294
82 0.574243
83 0.574203
84 0.57417
85 0.574144
86 0.574124
87 0.574108
88 0.574096
89 0.574087
90 0.574081
91 0.574076
92 0.574073
93 0.574071
94 0.57407
95 0.574069
96 0.574069
97 0.57407
98 0.57407
99 0.574071
100 0.574072
101 0.574073
102 0.574074
103 0.574075
104 0.574076
105 0.574077
106 0.574078
107 0.574079
108 0.57408
109 0.574081
110 0.574082
111 0.574082
112 0.574083
113 0.574084
114 0.574084
115 0.574085
116 0.574085
117 0.574086
118 0.574086
119 0.574087
120 0.574087
121 0.574087
122 0.574088
123 0.574088
124 0.574088
125 0.574089
126 0.574089
127 0.574089
128 0.574089
129 0.574089
130 0.57409
131 0.57409
132 0.57409
133 0.57409
134 0.57409
135 0.57409
136 0.57409
137 0.57409
138 0.574091
139 0.574091
140 0.574091
141 0.574091
142 0.574091
143 0.574091
144 0.574091
145 0.574091
146 0.574091
147 0.574091
148 0.574091
149 0.574091
150 0.574091
151 0.574091
152 0.574091
153 0.574091
154 0.574091
155 0.574091
156 0.574091
157 0.574091
158 0.574091
159 0.574091
160 0.574091
161 0.57409
162 0.57409
163 0.57409
164 0.57409
165 0.57409
166 0.57409
167 0.57409
168 0.57409
169 0.57409
170 0.574089
171 0.574089
172 0.574089
173 0.574089
174 0.574089
175 0.574089
176 0.57409
177 0.57409
178 0.57409
179 0.574091
180 0.574091
181 0.574092
182 0.574093
183 0.574094
184 0.574095
185 0.574096
186 0.574098
187 0.5741
188 0.574102
189 0.574105
190 0.574108
191 0.574111
192 0.574115
193 0.57412
194 0.574125
195 0.57413
196 0.574136
197 0.574143
198 0.57415
199 0.574158
200 0.574166
201 0.574175
202 0.574186
203 0.574196
204 0.574208
205 0.574221
206 0.574235
207 0.57425
208 0.574267
209 0.574286
210 0.574308
211 0.574333
212 0.574363
213 0.574397
214 0.574434
215 0.574475
216 0.574517
217 0.574562
218 0.57461
219 0.574658
220 0.574706
221 0.574749
222 0.574784
223 0.57481
224 0.574827
225 0.574839
226 0.574846
227 0.574847
228 0.57484
229 0.574825
230 0.574805
231 0.574783
232 0.574758
233 0.574732
234 0.574703
235 0.57467
236 0.574636
237 0.574602
238 0.574571
239 0.574544
240 0.57452
241 0.574501
242 0.574484
243 0.574468
244 0.574453
245 0.574436
246 0.574419
247 0.574403
248 0.57439
249 0.574379
250 0.574368
251 0.574359
252 0.57435
253 0.574342
254 0.574334
255 0.574326
256 0.574316
257 0.574307
258 0.574297
259 0.574287
260 0.574275
261 0.574264
262 0.574251
263 0.574237
264 0.574223
265 0.574207
266 0.574192
267 0.574177
268 0.574162
269 0.574148
270 0.574134
271 0.574121
272 0.57411
273 0.5741
274 0.574091
275 0.574084
276 0.574078
277 0.574073
278 0.57407
279 0.574067
280 0.574065
281 0.574064
282 0.574063
283 0.574062
284 0.574062
285 0.574062
286 0.574062
287 0.574062
288 0.574063
289 0.574063
290 0.574063
291 0.574063
292 0.574063
293 0.574063
294 0.574063
295 0.574063
296 0.574063
297 0.574063
298 0.574064
299 0.574064
300 0.574064
301 0.574065
302 0.574065
303 0.574066
304 0.574067
305 0.574068
306 0.57407
307 0.574072
308 0.574074
309 0.574076
310 0.574079
311 0.574081
312 0.574082
313 0.574083
314 0.574084
315 0.574085
316 0.574085
317 0.574084
318 0.574084
319 0.574084
320 0.574084
321 0.574084
322 0.574084
323 0.574084
324 0.574085
325 0.574086
326 0.574087
327 0.574089
328 0.57409
329 0.574092
330 0.574094
331 0.574096
332 0.574098
333 0.5741
334 0.574103
335 0.574105
336 0.574107
337 0.574109
338 0.574111
339 0.574113
340 0.574115
341 0.574116
342 0.574116
343 0.574116
344 0.574117
345 0.574117
346 0.574117
347 0.574117
348 0.574117
349 0.574117
350 0.574117
351 0.574117
352 0.574117
353 0.574116
354 0.574115
355 0.574114
356 0.574113
357 0.574112
358 0.574112
359 0.574111
360 0.57411
361 0.57411
362 0.57411
363 0.57411
364 0.57411
365 0.574111
366 0.574113
367 0.574115
368 0.574117
369 0.574119
370 0.574122
371 0.574125
372 0.574128
373 0.57413
374 0.574133
375 0.574135
376 0.574137
377 0.574139
378 0.574141
379 0.574143
380 0.574144
381 0.574145
382 0.574145
383 0.574145
384 0.574143
385 0.574141
386 0.574138
387 0.574136
388 0.574134
389 0.574133
390 0.574131
391 0.57413
392 0.574129
393 0.574129
394 0.574129
395 0.574129
396 0.57413
397 0.574131
398 0.574132
399 0.574134
400 0.574136
401 0.574137
402 0.574139
403 0.574141
404 0.574142
405 0.574143
406 0.574144
407 0.574144
408 0.574144
409 0.574144
410 0.574144
411 0.574143
412 0.574143
413 0.574143
414 0.574144
415 0.574145
416 0.574146
417 0.574147
418 0.574149
419 0.574151
420 0.574152
421 0.574152
422 0.574153
423 0.574153
424 0.574153
425 0.574152
426 0.574151
427 0.574149
428 0.574147
429 0.574146
430 0.574144
431 0.574142
432 0.574141
433 0.57414
434 0.574139
435 0.574139
436 0.574139
437 0.574139
438 0.574139
439 0.574138
440 0.574138
441 0.574137
442 0.574136
443 0.574135
444 0.574134
445 0.574134
446 0.574134
447 0.574134
448 0.574134
449 0.574134
450 0.574135
451 0.574135
452 0.574135
453 0.574135
454 0.574135
455 0.574134
456 0.574133
457 0.574131
458 0.57413
459 0.574128
460 0.574128
461 0.574128
462 0.574129
463 0.57413
464 0.574132
465 0.574134
466 0.574136
467 0.574139
468 0.574141
469 0.574144
470 0.574146
471 0.574148
472 0.57415
473 0.57415
474 0.57415
475 0.57415
476 0.574149
477 0.574148
478 0.574147
479 0.574146
480 0.574145
481 0.574144
482 0.574142
483 0.574141
484 0.57414
485 0.574139
486 0.574137
487 0.574135
488 0.574133
489 0.574131
490 0.574129
491 0.574127
492 0.574125
493 0.574123
494 0.57412
495 0.574118
496 0.574116
497 0.574114
498 0.574111
499 0.574109
500 0.574107
501 0.574105
502 0.574102
503 0.5741
504 0.574098
505 0.574095
506 0.574093
507 0.574091
508 0.574089
509 0.574087
510 0.574086
511 0.574084
512 0.574083
513 0.574082
514 0.574081
515 0.57408
516 0.574079
517 0.574078
518 0.574077
519 0.574077
520 0.574077
521 0.574077
522 0.574077
523 0.574077
524 0.574078
525 0.574079
526 0.57408
527 0.574081
528 0.574083
529 0.574085
530 0.574088
531 0.57409
532 0.574093
533 0.574096
534 0.574098
535 0.574101
536 0.574104
537 0.574107
538 0.57411
539 0.574114
540 0.574117
541 0.57412
542 0.574124
543 0.574127
544 0.574131
545 0.574134
546 0.574137
547 0.57414
548 0.574143
549 0.574145
550 0.574147
551 0.574149
552 0.57415
553 0.574151
554 0.574151
555 0.574151
556 0.574149
557 0.574147
558 0.574145
559 0.574143
560 0.574141
561 0.574138
562 0.574136
563 0.574134
564 0.574131
565 0.574129
566 0.574126
567 0.574124
568 0.574121
569 0.574119
570 0.574117
571 0.574115
572 0.574112
573 0.57411
574 0.574108
575 0.574106
576 0.574104
577 0.574102
578 0.5741
579 0.574098
580 0.574096
581 0.574094
582 0.574092
583 0.57409
584 0.574089
585 0.574087
586 0.574085
587 0.574084
588 0.574082
589 0.574081
590 0.57408
591 0.574078
592 0.574077
593 0.574076
594 0.574075
595 0.574074
596 0.574073
597 0.574073
598 0.574072
599 0.574072
600 0.574071
601 0.574071
602 0.574071
603 0.57407
604 0.57407
605 0.57407
606 0.57407
607 0.57407
608 0.57407
609 0.574069
610 0.574069
611 0.574069
612 0.574068
613 0.574068
614 0.574067
615 0.574067
616 0.574067
617 0.574066
618 0.574066
619 0.574066
620 0.574066
621 0.574066
622 0.574066
623 0.574066
624 0.574065
625 0.574065
626 0.574065
627 0.574065
628 0.574065
629 0.574065
630 0.574065
631 0.574066
632 0.574066
633 0.574066
634 0.574066
635 0.574065
636 0.574065
637 0.574065
638 0.574065
639 0.574065
640 0.574065
641 0.574065
642 0.574064
643 0.574064
644 0.574064
645 0.574063
646 0.574063
647 0.574063
648 0.574062
649 0.574062
650 0.574062
651 0.574062
652 0.574061
653 0.574061
654 0.574061
655 0.574061
656 0.574061
657 0.574061
658 0.574061
659 0.574061
660 0.574061
661 0.574061
662 0.574061
663 0.574061
664 0.574061
665 0.574061
666 0.574061
667 0.574061
668 0.57406
669 0.57406
670 0.57406
671 0.57406
672 0.57406
673 0.57406
674 0.57406
675 0.57406
676 0.57406
677 0.57406
678 0.574059
679 0.574059
680 0.574059
681 0.574059
682 0.574059
683 0.574059
684 0.574059
685 0.574059
686 0.574058
687 0.574058
688 0.574058
689 0.574058
690 0.574058
691 0.574057
692 0.574057
693 0.574057
694 0.574057
695 0.574057
696 0.574056
697 0.574056
698 0.574056
699 0.574056
700 0.574056
701 0.574056
702 0.574056
703 0.574056
704 0.574056
705 0.574056
706 0.574056
707 0.574056
708 0.574056
709 0.574057
710 0.574057
711 0.574057
712 0.574057
713 0.574057
714 0.574057
715 0.574057
716 0.574057
717 0.574057
718 0.574057
719 0.574057
720 0.574057
721 0.574057
722 0.574057
723 0.574057
724 0.574058
725 0.574058
726 0.574058
727 0.574058
728 0.574057
729 0.574057
730 0.574057
731 0.574056
732 0.574056
733 0.574056
734 0.574056
735 0.574056
736 0.574055
737 0.574055
738 0.574055
739 0.574055
740 0.574055
741 0.574055
742 0.574055
743 0.574055
744 0.574056
745 0.574056
746 0.574057
747 0.574057
748 0.574058
749 0.574059
750 0.574059
751 0.57406
752 0.574061
753 0.574062
754 0.574062
755 0.574063
756 0.574063
757 0.574064
758 0.574065
759 0.574066
760 0.574066
761 0.574066
762 0.574067
763 0.574066
764 0.574066
765 0.574066
766 0.574065
767 0.574065
768 0.574065
769 0.574065
770 0.574064
771 0.574064
772 0.574063
773 0.574063
774 0.574063
775 0.574063
776 0.574063
777 0.574063
778 0.574064
779 0.574064
780 0.574065
781 0.574065
782 0.574066
783 0.574067
784 0.574068
785 0.57407
786 0.574073
787 0.574075
788 0.574078
789 0.57408
790 0.574082
791 0.574082
792 0.574083
793 0.574082
794 0.574082
795 0.574082
796 0.574082
797 0.574082
798 0.574081
799 0.57408
800 0.574079
801 0.574078
802 0.574077
803 0.574076
804 0.574076
805 0.574076
806 0.574076
807 0.574076
808 0.574077
809 0.574076
810 0.574076
811 0.574076
812 0.574076
813 0.574075
814 0.574075
815 0.574073
816 0.574072
817 0.57407
818 0.574069
819 0.574067
820 0.574066
821 0.574065
822 0.574064
823 0.574064
824 0.574064
825 0.574064
826 0.574065
827 0.574065
828 0.574066
829 0.574066
830 0.574066
831 0.574066
832 0.574067
833 0.574067
834 0.574068
835 0.574068
836 0.574069
837 0.57407
838 0.574071
839 0.574072
840 0.574073
841 0.574073
842 0.574074
843 0.574074
844 0.574075
845 0.574076
846 0.574076
847 0.574077
848 0.574078
849 0.574078
850 0.574079
851 0.57408
852 0.57408
853 0.574081
854 0.574082
855 0.574082
856 0.574083
857 0.574083
858 0.574084
859 0.574085
860 0.574085
861 0.574086
862 0.574087
863 0.574087
864 0.574088
865 0.574088
866 0.574088
867 0.574089
868 0.574089
869 0.57409
870 0.574091
871 0.574092
872 0.574093
873 0.574094
874 0.574094
875 0.574095
876 0.574096
877 0.574096
878 0.574097
879 0.574098
880 0.574099
881 0.574099
882 0.574099
883 0.5741
884 0.574101
885 0.574102
886 0.574102
887 0.574103
888 0.574104
889 0.574104
890 0.574105
891 0.574105
892 0.574106
893 0.574106
894 0.574107
895 0.574107
896 0.574108
897 0.574109
898 0.574109
899 0.57411
900 0.574111
901 0.574112
902 0.574113
903 0.574114
904 0.574115
905 0.574116
906 0.574117
907 0.574118
908 0.574119
909 0.57412
910 0.574121
911 0.574121
912 0.574122
913 0.574123
914 0.574125
915 0.574126
916 0.574128
917 0.574129
918 0.574131
919 0.574132
920 0.574133
921 0.574134
922 0.574135
923 0.574136
924 0.574137
925 0.574138
926 0.574139
927 0.57414
928 0.574141
929 0.574142
930 0.574143
931 0.574144
932 0.574145
933 0.574147
934 0.574148
935 0.57415
936 0.574151
937 0.574153
938 0.574154
939 0.574155
940 0.574156
941 0.574157
942 0.574158
943 0.574159
944 0.574159
945 0.57416
946 0.57416
947 0.57416
948 0.574161
949 0.574162
950 0.574162
951 0.574163
952 0.574164
953 0.574164
954 0.574165
955 0.574166
956 0.574167
957 0.574168
958 0.574169
959 0.57417
960 0.574172
961 0.574173
962 0.574174
963 0.574175
964 0.574176
965 0.574175
966 0.574174
967 0.574174
968 0.574174
969 0.574175
970 0.574176
971 0.574177
972 0.574178
973 0.574179
974 0.574181
975 0.574186
976 0.574193
977 0.5742
978 0.57421
979 0.574222
980 0.574237
981 0.574255
982 0.574277
983 0.574305
984 0.57434
985 0.574383
986 0.574436
987 0.574505
988 0.574598
989 0.574721
990 0.574882
991 0.575094
992 0.575368
993 0.575696
994 0.576052
995 0.57638
996 0.576634
997 0.576771
998 0.576773
999 0.576633
1000 0.576341
