1 0.691512
2 0.691346
3 0.69117
4 0.690985
5 0.690793
6 0.690594
7 0.690386
8 0.690168
9 0.689942
10 0.689708
11 0.689463
12 0.689209
13 0.688943
14 0.688665
15 0.688373
16 0.688066
17 0.687743
18 0.687401
19 0.68704
20 0.686658
21 0.686256
22 0.685833
23 0.68539
24 0.684928
25 0.684449
26 0.683956
27 0.683452
28 0.682939
29 0.682422
30 0.681902
31 0.681383
32 0.680869
33 0.680363
34 0.679866
35 0.679382
36 0.67891
37 0.678451
38 0.678007
39 0.677575
40 0.677157
41 0.676751
42 0.676359
43 0.675979
44 0.675611
45 0.675254
46 0.674908
47 0.674574
48 0.674252
49 0.673943
50 0.673645
51 0.673359
52 0.673084
53 0.672819
54 0.672565
55 0.672322
56 0.672088
57 0.671864
58 0.671648
59 0.671442
60 0.671244
61 0.671053
62 0.670868
63 0.670688
64 0.670511
65 0.670336
66 0.67016
67 0.669984
68 0.669805
69 0.669622
70 0.669433
71 0.669239
72 0.669036
73 0.668824
74 0.668601
75 0.668365
76 0.668116
77 0.667849
78 0.667565
79 0.667263
80 0.666941
81 0.666596
82 0.666229
83 0.665837
84 0.665419
85 0.664975
86 0.664502
87 0.664001
88 0.663471
89 0.662914
90 0.662329
91 0.661717
92 0.661081
93 0.660419
94 0.659734
95 0.659028
96 0.6583
97 0.657553
98 0.656788
99 0.656006
100 0.655209
101 0.654398
102 0.653574
103 0.652738
104 0.651892
105 0.651037
106 0.650173
107 0.649301
108 0.648423
109 0.647539
110 0.64665
111 0.645757
112 0.64486
113 0.64396
114 0.643058
115 0.642153
116 0.641247
117 0.640339
118 0.63943
119 0.638521
120 0.637611
121 0.636702
122 0.635793
123 0.634884
124 0.633978
125 0.633073
126 0.632169
127 0.631268
128 0.630369
129 0.629472
130 0.628578
131 0.627687
132 0.6268
133 0.625916
134 0.625037
135 0.624161
136 0.623289
137 0.622421
138 0.621557
139 0.620698
140 0.619843
141 0.618993
142 0.618148
143 0.617308
144 0.616473
145 0.615644
146 0.614822
147 0.614006
148 0.613197
149 0.612395
150 0.611602
151 0.610816
152 0.61004
153 0.609272
154 0.608513
155 0.607764
156 0.607025
157 0.606296
158 0.605578
159 0.604871
160 0.604174
161 0.603488
162 0.602814
163 0.602151
164 0.6015
165 0.60086
166 0.600232
167 0.599616
168 0.599011
169 0.598418
170 0.597836
171 0.597266
172 0.596707
173 0.59616
174 0.595624
175 0.595099
176 0.594585
177 0.594082
178 0.593589
179 0.593107
180 0.592636
181 0.592174
182 0.591723
183 0.591282
184 0.59085
185 0.590428
186 0.590015
187 0.589611
188 0.589216
189 0.58883
190 0.588454
191 0.588085
192 0.587725
193 0.587374
194 0.58703
195 0.586695
196 0.586367
197 0.586047
198 0.585735
199 0.58543
200 0.585132
201 0.584842
202 0.584558
203 0.584281
204 0.584011
205 0.583748
206 0.583491
207 0.58324
208 0.582995
209 0.582757
210 0.582525
211 0.582298
212 0.582077
213 0.581862
214 0.581652
215 0.581448
216 0.581248
217 0.581054
218 0.580865
219 0.580681
220 0.580501
221 0.580326
222 0.580155
223 0.579989
224 0.579828
225 0.57967
226 0.579517
227 0.579367
228 0.579222
229 0.57908
230 0.578942
231 0.578808
232 0.578677
233 0.578549
234 0.578425
235 0.578304
236 0.578187
237 0.578072
238 0.577961
239 0.577852
240 0.577746
241 0.577644
242 0.577543
243 0.577446
244 0.577351
245 0.577259
246 0.577169
247 0.577081
248 0.576996
249 0.576913
250 0.576832
251 0.576754
252 0.576677
253 0.576603
254 0.57653
255 0.57646
256 0.576391
257 0.576325
258 0.57626
259 0.576197
260 0.576135
261 0.576076
262 0.576018
263 0.575961
264 0.575906
265 0.575853
266 0.575801
267 0.575751
268 0.575702
269 0.575654
270 0.575608
271 0.575563
272 0.57552
273 0.575477
274 0.575436
275 0.575396
276 0.575357
277 0.57532
278 0.575283
279 0.575248
280 0.575213
281 0.57518
282 0.575147
283 0.575116
284 0.575085
285 0.575056
286 0.575027
287 0.574999
288 0.574972
289 0.574946
290 0.574921
291 0.574896
292 0.574873
293 0.57485
294 0.574827
295 0.574806
296 0.574785
297 0.574765
298 0.574745
299 0.574726
300 0.574708
301 0.57469
302 0.574673
303 0.574657
304 0.574641
305 0.574625
306 0.57461
307 0.574596
308 0.574582
309 0.574569
310 0.574556
311 0.574543
312 0.574531
313 0.574519
314 0.574508
315 0.574497
316 0.574486
317 0.574476
318 0.574466
319 0.574457
320 0.574447
321 0.574439
322 0.57443
323 0.574422
324 0.574414
325 0.574406
326 0.574399
327 0.574392
328 0.574385
329 0.574378
330 0.574372
331 0.574366
332 0.57436
333 0.574354
334 0.574349
335 0.574344
336 0.574338
337 0.574334
338 0.574329
339 0.574324
340 0.57432
341 0.574316
342 0.574312
343 0.574308
344 0.574304
345 0.5743
346 0.574297
347 0.574293
348 0.57429
349 0.574287
350 0.574284
351 0.574281
352 0.574278
353 0.574276
354 0.574273
355 0.574271
356 0.574268
357 0.574266
358 0.574264
359 0.574262
360 0.57426
361 0.574258
362 0.574256
363 0.574254
364 0.574252
365 0.574251
366 0.574249
367 0.574247
368 0.574246
369 0.574244
370 0.574243
371 0.574242
372 0.57424
373 0.574239
374 0.574238
375 0.574237
376 0.574236
377 0.574234
378 0.574233
379 0.574232
380 0.574231
381 0.574231
382 0.57423
383 0.574229
384 0.574228
385 0.574227
386 0.574226
387 0.574226
388 0.574225
389 0.574224
390 0.574223
391 0.574223
392 0.574222
393 0.574221
394 0.574221
395 0.57422
396 0.57422
397 0.574219
398 0.574219
399 0.574218
400 0.574218
401 0.574217
402 0.574217
403 0.574216
404 0.574216
405 0.574215
406 0.574215
407 0.574215
408 0.574214
409 0.574214
410 0.574213
411 0.574213
412 0.574213
413 0.574212
414 0.574212
415 0.574212
416 0.574211
417 0.574211
418 0.574211
419 0.574211
420 0.57421
421 0.57421
422 0.57421
423 0.574209
424 0.574209
425 0.574209
426 0.574209
427 0.574208
428 0.574208
429 0.574208
430 0.574208
431 0.574207
432 0.574207
433 0.574207
434 0.574207
435 0.574207
436 0.574206
437 0.574206
438 0.574206
439 0.574206
440 0.574206
441 0.574205
442 0.574205
443 0.574205
444 0.574205
445 0.574205
446 0.574204
447 0.574204
448 0.574204
449 0.574204
450 0.574204
451 0.574204
452 0.574203
453 0.574203
454 0.574203
455 0.574203
456 0.574203
457 0.574203
458 0.574202
459 0.574202
460 0.574202
461 0.574202
462 0.574202
463 0.574202
464 0.574201
465 0.574201
466 0.574201
467 0.574201
468 0.574201
469 0.574201
470 0.574201
471 0.5742
472 0.5742
473 0.5742
474 0.5742
475 0.5742
476 0.5742
477 0.5742
478 0.574199
479 0.574199
480 0.574199
481 0.574199
482 0.574199
483 0.574199
484 0.574199
485 0.574198
486 0.574198
487 0.574198
488 0.574198
489 0.574198
490 0.574198
491 0.574198
492 0.574198
493 0.574197
494 0.574197
495 0.574197
496 0.574197
497 0.574197
498 0.574197
499 0.574197
500 0.574197
501 0.574196
502 0.574196
503 0.574196
504 0.574196
505 0.574196
506 0.574196
507 0.574196
508 0.574196
509 0.574196
510 0.574195
511 0.574195
512 0.574195
513 0.574195
514 0.574195
515 0.574195
516 0.574195
517 0.574195
518 0.574194
519 0.574194
520 0.574194
521 0.574194
522 0.574194
523 0.574194
524 0.574194
525 0.574194
526 0.574194
527 0.574194
528 0.574193
529 0.574193
530 0.574193
531 0.574193
532 0.574193
533 0.574193
534 0.574193
535 0.574193
536 0.574193
537 0.574192
538 0.574192
539 0.574192
540 0.574192
541 0.574192
542 0.574192
543 0.574192
544 0.574192
545 0.574192
546 0.574192
547 0.574191
548 0.574191
549 0.574191
550 0.574191
551 0.574191
552 0.574191
553 0.574191
554 0.574191
555 0.574191
556 0.57419
557 0.57419
558 0.57419
559 0.57419
560 0.57419
561 0.57419
562 0.57419
563 0.57419
564 0.57419
565 0.57419
566 0.574189
567 0.574189
568 0.574189
569 0.574189
570 0.574189
571 0.574189
572 0.574189
573 0.574189
574 0.574189
575 0.574189
576 0.574188
577 0.574188
578 0.574188
579 0.574188
580 0.574188
581 0.574188
582 0.574188
583 0.574188
584 0.574188
585 0.574188
586 0.574187
587 0.574187
588 0.574187
589 0.574187
590 0.574187
591 0.574187
592 0.574187
593 0.574187
594 0.574187
595 0.574187
596 0.574187
597 0.574187
598 0.574186
599 0.574186
600 0.574186
601 0.574186
602 0.574186
603 0.574186
604 0.574186
605 0.574186
606 0.574186
607 0.574186
608 0.574186
609 0.574185
610 0.574185
611 0.574185
612 0.574185
613 0.574185
614 0.574185
615 0.574185
616 0.574185
617 0.574185
618 0.574185
619 0.574185
620 0.574185
621 0.574185
622 0.574184
623 0.574184
624 0.574184
625 0.574184
626 0.574184
627 0.574184
628 0.574184
629 0.574184
630 0.574184
631 0.574184
632 0.574184
633 0.574184
634 0.574184
635 0.574183
636 0.574183
637 0.574183
638 0.574183
639 0.574183
640 0.574183
641 0.574183
642 0.574183
643 0.574183
644 0.574183
645 0.574183
646 0.574183
647 0.574183
648 0.574183
649 0.574182
650 0.574182
651 0.574182
652 0.574182
653 0.574182
654 0.574182
655 0.574182
656 0.574182
657 0.574182
658 0.574182
659 0.574182
660 0.574182
661 0.574182
662 0.574182
663 0.574182
664 0.574181
665 0.574181
666 0.574181
667 0.574181
668 0.574181
669 0.574181
670 0.574181
671 0.574181
672 0.574181
673 0.574181
674 0.574181
675 0.574181
676 0.574181
677 0.574181
678 0.574181
679 0.574181
680 0.57418
681 0.57418
682 0.57418
683 0.57418
684 0.57418
685 0.57418
686 0.57418
687 0.57418
688 0.57418
689 0.57418
690 0.57418
691 0.57418
692 0.57418
693 0.57418
694 0.57418
695 0.57418
696 0.57418
697 0.57418
698 0.57418
699 0.574179
700 0.574179
701 0.574179
702 0.574179
703 0.574179
704 0.574179
705 0.574179
706 0.574179
707 0.574179
708 0.574179
709 0.574179
710 0.574179
711 0.574179
712 0.574179
713 0.574179
714 0.574179
715 0.574179
716 0.574179
717 0.574179
718 0.574179
719 0.574179
720 0.574179
721 0.574178
722 0.574178
723 0.574178
724 0.574178
725 0.574178
726 0.574178
727 0.574178
728 0.574178
729 0.574178
730 0.574178
731 0.574178
732 0.574178
733 0.574178
734 0.574178
735 0.574178
736 0.574178
737 0.574178
738 0.574178
739 0.574178
740 0.574178
741 0.574178
742 0.574178
743 0.574178
744 0.574178
745 0.574178
746 0.574177
747 0.574177
748 0.574177
749 0.574177
750 0.574177
751 0.574177
752 0.574177
753 0.574177
754 0.574177
755 0.574177
756 0.574177
757 0.574177
758 0.574177
759 0.574177
760 0.574177
761 0.574177
762 0.574177
763 0.574177
764 0.574177
765 0.574177
766 0.574177
767 0.574177
768 0.574177
769 0.574177
770 0.574177
771 0.574177
772 0.574177
773 0.574177
774 0.574177
775 0.574177
776 0.574177
777 0.574177
778 0.574177
779 0.574177
780 0.574176
781 0.574176
782 0.574176
783 0.574176
784 0.574176
785 0.574176
786 0.574176
787 0.574176
788 0.574176
789 0.574176
790 0.574176
791 0.574176
792 0.574176
793 0.574176
794 0.574176
795 0.574176
796 0.574176
797 0.574176
798 0.574176
799 0.574176
800 0.574176
801 0.574176
802 0.574176
803 0.574176
804 0.574176
805 0.574176
806 0.574176
807 0.574176
808 0.574176
809 0.574176
810 0.574176
811 0.574176
812 0.574176
813 0.574176
814 0.574176
815 0.574176
816 0.574176
817 0.574176
818 0.574176
819 0.574176
820 0.574176
821 0.574176
822 0.574176
823 0.574176
824 0.574176
825 0.574176
826 0.574176
827 0.574176
828 0.574176
829 0.574176
830 0.574176
831 0.574176
832 0.574176
833 0.574176
834 0.574176
835 0.574176
836 0.574176
837 0.574176
838 0.574176
839 0.574176
840 0.574176
841 0.574176
842 0.574176
843 0.574176
844 0.574176
845 0.574176
846 0.574176
847 0.574176
848 0.574176
849 0.574176
850 0.574176
851 0.574176
852 0.574176
853 0.574176
854 0.574176
855 0.574176
856 0.574176
857 0.574176
858 0.574176
859 0.574176
860 0.574176
861 0.574176
862 0.574176
863 0.574176
864 0.574176
865 0.574176
866 0.574176
867 0.574176
868 0.574176
869 0.574176
870 0.574176
871 0.574176
872 0.574176
873 0.574176
874 0.574176
875 0.574176
876 0.574176
877 0.574176
878 0.574176
879 0.574176
880 0.574176
881 0.574176
882 0.574176
883 0.574176
884 0.574176
885 0.574176
886 0.574176
887 0.574176
888 0.574176
889 0.574176
890 0.574176
891 0.574176
892 0.574176
893 0.574176
894 0.574176
895 0.574176
896 0.574176
897 0.574177
898 0.574177
899 0.574177
900 0.574177
901 0.574177
902 0.574177
903 0.574177
904 0.574177
905 0.574177
906 0.574177
907 0.574177
908 0.574177
909 0.574177
910 0.574177
911 0.574177
912 0.574177
913 0.574177
914 0.574177
915 0.574177
916 0.574177
917 0.574177
918 0.574177
919 0.574177
920 0.574177
921 0.574177
922 0.574177
923 0.574177
924 0.574177
925 0.574177
926 0.574177
927 0.574178
928 0.574178
929 0.574178
930 0.574178
931 0.574178
932 0.574178
933 0.574178
934 0.574178
935 0.574178
936 0.574178
937 0.574178
938 0.574178
939 0.574178
940 0.574178
941 0.574178
942 0.574178
943 0.574178
944 0.574178
945 0.574178
946 0.574178
947 0.574178
948 0.574178
949 0.574178
950 0.574179
951 0.574179
952 0.574179
953 0.574179
954 0.574179
955 0.574179
956 0.574179
957 0.574179
958 0.574179
959 0.574179
960 0.574179
961 0.574179
962 0.574179
963 0.574179
964 0.574179
965 0.574179
966 0.574179
967 0.574179
968 0.57418
969 0.57418
970 0.57418
971 0.57418
972 0.57418
973 0.57418
974 0.57418
975 0.57418
976 0.57418
977 0.57418
978 0.57418
979 0.57418
980 0.57418
981 0.57418
982 0.57418
983 0.57418
984 0.574181
985 0.574181
986 0.574181
987 0.574181
988 0.574181
989 0.574181
990 0.574181
991 0.574181
992 0.574181
993 0.574181
994 0.574181
995 0.574181
996 0.574181
997 0.574181
998 0.574182
999 0.574182
1000 0.574182
