1 0.71577
2 0.715604
3 0.715434
4 0.715265
5 0.715094
6 0.714924
7 0.714754
8 0.714582
9 0.71441
10 0.714237
11 0.714064
12 0.71389
13 0.713716
14 0.713542
15 0.713368
16 0.713193
17 0.713018
18 0.712843
19 0.712667
20 0.71249
21 0.712313
22 0.712135
23 0.711956
24 0.711776
25 0.711596
26 0.711417
27 0.711236
28 0.711056
29 0.710874
30 0.710692
31 0.710511
32 0.710328
33 0.710145
34 0.709961
35 0.709777
36 0.709592
37 0.709408
38 0.709224
39 0.709039
40 0.708854
41 0.708669
42 0.708484
43 0.708299
44 0.708113
45 0.707927
46 0.70774
47 0.707553
48 0.707365
49 0.707177
50 0.706988
51 0.706799
52 0.70661
53 0.70642
54 0.706229
55 0.706037
56 0.705845
57 0.705652
58 0.705459
59 0.705265
60 0.70507
61 0.704875
62 0.704679
63 0.704482
64 0.704284
65 0.704085
66 0.703886
67 0.703686
68 0.703484
69 0.703282
70 0.703078
71 0.702874
72 0.702668
73 0.702461
74 0.702253
75 0.702045
76 0.701835
77 0.701624
78 0.701412
79 0.701199
80 0.700984
81 0.700769
82 0.700551
83 0.700333
84 0.700113
85 0.699892
86 0.699668
87 0.699443
88 0.699217
89 0.698989
90 0.69876
91 0.69853
92 0.698298
93 0.698065
94 0.697831
95 0.697595
96 0.697358
97 0.697119
98 0.69688
99 0.696638
100 0.696395
101 0.69615
102 0.695904
103 0.695657
104 0.695409
105 0.695159
106 0.694908
107 0.694657
108 0.694404
109 0.694149
110 0.693894
111 0.693638
112 0.69338
113 0.693121
114 0.692862
115 0.692601
116 0.69234
117 0.692078
118 0.691816
119 0.691553
120 0.69129
121 0.691026
122 0.690762
123 0.690498
124 0.690233
125 0.689967
126 0.689701
127 0.689435
128 0.689168
129 0.6889
130 0.688633
131 0.688366
132 0.688099
133 0.687832
134 0.687565
135 0.687297
136 0.68703
137 0.686764
138 0.686497
139 0.686232
140 0.685967
141 0.685702
142 0.685438
143 0.685174
144 0.68491
145 0.684648
146 0.684386
147 0.684123
148 0.683862
149 0.6836
150 0.683339
151 0.683078
152 0.682817
153 0.682556
154 0.682296
155 0.682037
156 0.681778
157 0.681519
158 0.681261
159 0.681003
160 0.680745
161 0.680487
162 0.68023
163 0.679974
164 0.679717
165 0.679461
166 0.679206
167 0.678952
168 0.678698
169 0.678446
170 0.678193
171 0.677942
172 0.677692
173 0.677443
174 0.677195
175 0.676948
176 0.676701
177 0.676455
178 0.676211
179 0.675967
180 0.675725
181 0.675483
182 0.675241
183 0.675001
184 0.674761
185 0.674521
186 0.674281
187 0.674042
188 0.673805
189 0.673567
190 0.673331
191 0.673095
192 0.672859
193 0.672625
194 0.672391
195 0.672158
196 0.671926
197 0.671694
198 0.671464
199 0.671234
200 0.671005
201 0.670777
202 0.670549
203 0.670322
204 0.670096
205 0.66987
206 0.669645
207 0.66942
208 0.669196
209 0.668972
210 0.668749
211 0.668526
212 0.668305
213 0.668084
214 0.667864
215 0.667644
216 0.667425
217 0.667207
218 0.666989
219 0.666771
220 0.666555
221 0.666339
222 0.666123
223 0.665908
224 0.665695
225 0.665481
226 0.665268
227 0.665056
228 0.664843
229 0.664631
230 0.664419
231 0.664208
232 0.663997
233 0.663786
234 0.663575
235 0.663365
236 0.663155
237 0.662945
238 0.662736
239 0.662527
240 0.662318
241 0.66211
242 0.661903
243 0.661696
244 0.66149
245 0.661283
246 0.661077
247 0.660872
248 0.660667
249 0.660462
250 0.660258
251 0.660053
252 0.65985
253 0.659646
254 0.659443
255 0.659239
256 0.659036
257 0.658833
258 0.65863
259 0.658427
260 0.658225
261 0.658023
262 0.657821
263 0.65762
264 0.657419
265 0.657218
266 0.657018
267 0.656818
268 0.656618
269 0.656419
270 0.65622
271 0.656021
272 0.655822
273 0.655623
274 0.655425
275 0.655226
276 0.655029
277 0.654831
278 0.654633
279 0.654436
280 0.654239
281 0.654041
282 0.653844
283 0.653646
284 0.653448
285 0.65325
286 0.653052
287 0.652855
288 0.652658
289 0.652461
290 0.652264
291 0.652068
292 0.651872
293 0.651677
294 0.651482
295 0.651287
296 0.651092
297 0.650897
298 0.650702
299 0.650508
300 0.650313
301 0.650119
302 0.649925
303 0.649731
304 0.649537
305 0.649343
306 0.64915
307 0.648956
308 0.648763
309 0.64857
310 0.648378
311 0.648186
312 0.647994
313 0.647804
314 0.647613
315 0.647422
316 0.647233
317 0.647043
318 0.646855
319 0.646667
320 0.646479
321 0.646291
322 0.646104
323 0.645917
324 0.64573
325 0.645545
326 0.64536
327 0.645176
328 0.644992
329 0.644809
330 0.644627
331 0.644445
332 0.644264
333 0.644084
334 0.643904
335 0.643725
336 0.643547
337 0.643369
338 0.643192
339 0.643016
340 0.64284
341 0.642665
342 0.642491
343 0.642317
344 0.642145
345 0.641973
346 0.641802
347 0.641631
348 0.64146
349 0.641291
350 0.641122
351 0.640953
352 0.640785
353 0.640618
354 0.640451
355 0.640285
356 0.64012
357 0.639955
358 0.639791
359 0.639627
360 0.639465
361 0.639303
362 0.639141
363 0.638981
364 0.638821
365 0.638662
366 0.638504
367 0.638346
368 0.638189
369 0.638033
370 0.637877
371 0.637722
372 0.637568
373 0.637415
374 0.637263
375 0.637111
376 0.63696
377 0.63681
378 0.636661
379 0.636513
380 0.636366
381 0.636219
382 0.636073
383 0.635928
384 0.635784
385 0.635641
386 0.635499
387 0.635358
388 0.635217
389 0.635078
390 0.634939
391 0.634801
392 0.634664
393 0.634528
394 0.634393
395 0.63426
396 0.634127
397 0.633995
398 0.633864
399 0.633734
400 0.633606
401 0.633478
402 0.633351
403 0.633226
404 0.633101
405 0.632978
406 0.632856
407 0.632735
408 0.632615
409 0.632495
410 0.632377
411 0.63226
412 0.632144
413 0.632029
414 0.631916
415 0.631803
416 0.631691
417 0.631581
418 0.631471
419 0.631363
420 0.631256
421 0.63115
422 0.631045
423 0.630941
424 0.630839
425 0.630737
426 0.630637
427 0.630537
428 0.630439
429 0.630342
430 0.630245
431 0.63015
432 0.630056
433 0.629963
434 0.629871
435 0.62978
436 0.629691
437 0.629603
438 0.629516
439 0.62943
440 0.629345
441 0.629261
442 0.629178
443 0.629097
444 0.629016
445 0.628937
446 0.628859
447 0.628782
448 0.628706
449 0.628631
450 0.628557
451 0.628484
452 0.628413
453 0.628342
454 0.628273
455 0.628205
456 0.628138
457 0.628072
458 0.628007
459 0.627943
460 0.62788
461 0.627818
462 0.627758
463 0.627698
464 0.627639
465 0.627581
466 0.627525
467 0.627469
468 0.627414
469 0.62736
470 0.627307
471 0.627255
472 0.627204
473 0.627153
474 0.627104
475 0.627055
476 0.627008
477 0.626961
478 0.626915
479 0.62687
480 0.626827
481 0.626784
482 0.626742
483 0.6267
484 0.62666
485 0.626621
486 0.626583
487 0.626545
488 0.626508
489 0.626472
490 0.626436
491 0.626402
492 0.626368
493 0.626335
494 0.626303
495 0.626271
496 0.626241
497 0.626211
498 0.626183
499 0.626155
500 0.626128
501 0.626102
502 0.626076
503 0.626051
504 0.626027
505 0.626004
506 0.625981
507 0.625959
508 0.625938
509 0.625917
510 0.625898
511 0.625879
512 0.625861
513 0.625843
514 0.625826
515 0.625811
516 0.625796
517 0.625781
518 0.625767
519 0.625754
520 0.625742
521 0.62573
522 0.625719
523 0.625708
524 0.625698
525 0.625688
526 0.625679
527 0.625671
528 0.625663
529 0.625656
530 0.625649
531 0.625642
532 0.625636
533 0.625631
534 0.625626
535 0.625622
536 0.625618
537 0.625615
538 0.625612
539 0.62561
540 0.625609
541 0.625608
542 0.625607
543 0.625607
544 0.625607
545 0.625608
546 0.625609
547 0.62561
548 0.625612
549 0.625614
550 0.625617
551 0.62562
552 0.625624
553 0.625628
554 0.625632
555 0.625637
556 0.625643
557 0.625648
558 0.625654
559 0.62566
560 0.625667
561 0.625674
562 0.625681
563 0.625689
564 0.625697
565 0.625705
566 0.625714
567 0.625723
568 0.625733
569 0.625743
570 0.625753
571 0.625764
572 0.625775
573 0.625786
574 0.625798
575 0.62581
576 0.625822
577 0.625835
578 0.625847
579 0.625861
580 0.625874
581 0.625888
582 0.625902
583 0.625917
584 0.625931
585 0.625946
586 0.625961
587 0.625976
588 0.625992
589 0.626007
590 0.626023
591 0.626039
592 0.626056
593 0.626073
594 0.626089
595 0.626107
596 0.626124
597 0.626142
598 0.626159
599 0.626177
600 0.626196
601 0.626214
602 0.626233
603 0.626252
604 0.626271
605 0.62629
606 0.626309
607 0.626328
608 0.626348
609 0.626368
610 0.626388
611 0.626408
612 0.626428
613 0.626448
614 0.626469
615 0.62649
616 0.62651
617 0.626531
618 0.626552
619 0.626573
620 0.626594
621 0.626616
622 0.626637
623 0.626658
624 0.62668
625 0.626701
626 0.626723
627 0.626744
628 0.626765
629 0.626787
630 0.626808
631 0.62683
632 0.626851
633 0.626872
634 0.626894
635 0.626915
636 0.626936
637 0.626957
638 0.626979
639 0.627
640 0.627021
641 0.627043
642 0.627064
643 0.627085
644 0.627106
645 0.627128
646 0.627149
647 0.62717
648 0.627191
649 0.627213
650 0.627234
651 0.627255
652 0.627276
653 0.627297
654 0.627318
655 0.627339
656 0.62736
657 0.627381
658 0.627401
659 0.627422
660 0.627443
661 0.627463
662 0.627484
663 0.627504
664 0.627525
665 0.627545
666 0.627566
667 0.627586
668 0.627606
669 0.627626
670 0.627646
671 0.627666
672 0.627686
673 0.627706
674 0.627726
675 0.627745
676 0.627765
677 0.627785
678 0.627804
679 0.627823
680 0.627843
681 0.627862
682 0.627881
683 0.6279
684 0.627919
685 0.627938
686 0.627957
687 0.627976
688 0.627995
689 0.628014
690 0.628033
691 0.628052
692 0.628071
693 0.62809
694 0.628108
695 0.628127
696 0.628145
697 0.628164
698 0.628182
699 0.628201
700 0.62822
701 0.628238
702 0.628257
703 0.628276
704 0.628294
705 0.628313
706 0.628332
707 0.62835
708 0.628369
709 0.628388
710 0.628406
711 0.628425
712 0.628444
713 0.628463
714 0.628482
715 0.6285
716 0.628519
717 0.628538
718 0.628557
719 0.628576
720 0.628595
721 0.628614
722 0.628633
723 0.628652
724 0.628671
725 0.62869
726 0.628709
727 0.628728
728 0.628748
729 0.628767
730 0.628786
731 0.628806
732 0.628825
733 0.628844
734 0.628864
735 0.628883
736 0.628903
737 0.628923
738 0.628943
739 0.628963
740 0.628983
741 0.629003
742 0.629024
743 0.629044
744 0.629064
745 0.629085
746 0.629106
747 0.629126
748 0.629147
749 0.629168
750 0.629189
751 0.62921
752 0.629231
753 0.629253
754 0.629274
755 0.629295
756 0.629316
757 0.629338
758 0.629359
759 0.629381
760 0.629402
761 0.629424
762 0.629445
763 0.629467
764 0.629488
765 0.62951
766 0.629532
767 0.629553
768 0.629575
769 0.629597
770 0.629619
771 0.629641
772 0.629663
773 0.629685
774 0.629707
775 0.629729
776 0.629751
777 0.629774
778 0.629796
779 0.629819
780 0.629841
781 0.629864
782 0.629887
783 0.62991
784 0.629933
785 0.629956
786 0.629979
787 0.630002
788 0.630025
789 0.630048
790 0.630072
791 0.630095
792 0.630118
793 0.630142
794 0.630166
795 0.630189
796 0.630213
797 0.630237
798 0.630261
799 0.630285
800 0.630308
801 0.630332
802 0.630356
803 0.63038
804 0.630405
805 0.630429
806 0.630453
807 0.630477
808 0.630502
809 0.630526
810 0.63055
811 0.630575
812 0.630599
813 0.630624
814 0.630649
815 0.630674
816 0.630699
817 0.630723
818 0.630748
819 0.630773
820 0.630799
821 0.630824
822 0.630849
823 0.630874
824 0.630899
825 0.630924
826 0.63095
827 0.630975
828 0.631
829 0.631026
830 0.631051
831 0.631077
832 0.631102
833 0.631128
834 0.631154
835 0.63118
836 0.631206
837 0.631232
838 0.631258
839 0.631284
840 0.63131
841 0.631336
842 0.631362
843 0.631388
844 0.631414
845 0.631441
846 0.631467
847 0.631493
848 0.631519
849 0.631545
850 0.631572
851 0.631598
852 0.631624
853 0.63165
854 0.631676
855 0.631702
856 0.631728
857 0.631755
858 0.631781
859 0.631807
860 0.631833
861 0.631859
862 0.631885
863 0.631911
864 0.631937
865 0.631963
866 0.631989
867 0.632015
868 0.632041
869 0.632066
870 0.632092
871 0.632118
872 0.632143
873 0.632169
874 0.632195
875 0.63222
876 0.632246
877 0.632271
878 0.632296
879 0.632322
880 0.632347
881 0.632372
882 0.632397
883 0.632422
884 0.632447
885 0.632472
886 0.632497
887 0.632522
888 0.632546
889 0.632571
890 0.632595
891 0.632619
892 0.632644
893 0.632668
894 0.632692
895 0.632716
896 0.63274
897 0.632764
898 0.632787
899 0.632811
900 0.632835
901 0.632858
902 0.632881
903 0.632905
904 0.632928
905 0.632951
906 0.632974
907 0.632996
908 0.633019
909 0.633042
910 0.633064
911 0.633087
912 0.633109
913 0.633131
914 0.633153
915 0.633175
916 0.633196
917 0.633218
918 0.633239
919 0.633261
920 0.633282
921 0.633303
922 0.633324
923 0.633344
924 0.633365
925 0.633385
926 0.633405
927 0.633426
928 0.633445
929 0.633465
930 0.633485
931 0.633504
932 0.633524
933 0.633543
934 0.633562
935 0.633581
936 0.6336
937 0.633619
938 0.633637
939 0.633656
940 0.633674
941 0.633692
942 0.63371
943 0.633728
944 0.633745
945 0.633763
946 0.63378
947 0.633798
948 0.633815
949 0.633832
950 0.633849
951 0.633866
952 0.633882
953 0.633899
954 0.633916
955 0.633932
956 0.633948
957 0.633964
958 0.63398
959 0.633996
960 0.634012
961 0.634027
962 0.634043
963 0.634058
964 0.634073
965 0.634088
966 0.634103
967 0.634118
968 0.634133
969 0.634147
970 0.634161
971 0.634175
972 0.63419
973 0.634203
974 0.634217
975 0.634231
976 0.634244
977 0.634257
978 0.63427
979 0.634283
980 0.634296
981 0.634309
982 0.634321
983 0.634334
984 0.634346
985 0.634358
986 0.63437
987 0.634381
988 0.634393
989 0.634404
990 0.634416
991 0.634427
992 0.634438
993 0.634449
994 0.63446
995 0.634471
996 0.634481
997 0.634492
998 0.634502
999 0.634512
1000 0.634522
