1 0.689226
2 0.687798
3 0.686492
4 0.685289
5 0.684205
6 0.683232
7 0.682337
8 0.68151
9 0.680759
10 0.680065
11 0.679426
12 0.67883
13 0.678261
14 0.67771
15 0.677162
16 0.676625
17 0.67609
18 0.675562
19 0.675043
20 0.674534
21 0.674025
22 0.673508
23 0.672967
24 0.672388
25 0.671759
26 0.671064
27 0.670287
28 0.669406
29 0.668405
30 0.667273
31 0.665992
32 0.664556
33 0.662954
34 0.66118
35 0.659227
36 0.657096
37 0.65479
38 0.652322
39 0.649707
40 0.646972
41 0.644149
42 0.641268
43 0.638363
44 0.635463
45 0.632603
46 0.629806
47 0.62709
48 0.624465
49 0.621942
50 0.619528
51 0.617226
52 0.615041
53 0.612971
54 0.611018
55 0.609177
56 0.607449
57 0.605829
58 0.604315
59 0.602903
60 0.601587
61 0.600359
62 0.599213
63 0.598142
64 0.597138
65 0.596193
66 0.595301
67 0.594454
68 0.593647
69 0.592874
70 0.592131
71 0.591416
72 0.590727
73 0.590059
74 0.589413
75 0.588788
76 0.588182
77 0.587595
78 0.587027
79 0.586478
80 0.585946
81 0.585433
82 0.584937
83 0.584459
84 0.583998
85 0.583553
86 0.583125
87 0.582713
88 0.582316
89 0.581935
90 0.581569
91 0.581218
92 0.58088
93 0.580556
94 0.580246
95 0.579949
96 0.579664
97 0.579392
98 0.579131
99 0.578882
100 0.578644
101 0.578417
102 0.578199
103 0.577992
104 0.577794
105 0.577605
106 0.577426
107 0.577255
108 0.577092
109 0.576937
110 0.57679
111 0.576651
112 0.576518
113 0.576393
114 0.576274
115 0.576161
116 0.576055
117 0.575955
118 0.57586
119 0.57577
120 0.575686
121 0.575606
122 0.575532
123 0.575461
124 0.575396
125 0.575334
126 0.575276
127 0.575222
128 0.575172
129 0.575126
130 0.575083
131 0.575042
132 0.575005
133 0.574971
134 0.574939
135 0.57491
136 0.574883
137 0.574859
138 0.574837
139 0.574816
140 0.574798
141 0.574782
142 0.574767
143 0.574754
144 0.574742
145 0.574732
146 0.574723
147 0.574715
148 0.574709
149 0.574704
150 0.5747
151 0.574696
152 0.574694
153 0.574692
154 0.574692
155 0.574692
156 0.574692
157 0.574693
158 0.574695
159 0.574697
160 0.574699
161 0.574702
162 0.574705
163 0.574709
164 0.574713
165 0.574717
166 0.57472
167 0.574724
168 0.574728
169 0.574732
170 0.574735
171 0.574739
172 0.574742
173 0.574745
174 0.574747
175 0.574749
176 0.574751
177 0.574752
178 0.574752
179 0.574752
180 0.574751
181 0.57475
182 0.574748
183 0.574745
184 0.574741
185 0.574737
186 0.574731
187 0.574726
188 0.574719
189 0.574712
190 0.574704
191 0.574696
192 0.574686
193 0.574677
194 0.574667
195 0.574657
196 0.574647
197 0.574636
198 0.574625
199 0.574614
200 0.574602
201 0.574591
202 0.57458
203 0.574568
204 0.574557
205 0.574546
206 0.574534
207 0.574523
208 0.574512
209 0.574502
210 0.574491
211 0.574481
212 0.574471
213 0.574462
214 0.574452
215 0.574443
216 0.574435
217 0.574427
218 0.574419
219 0.574411
220 0.574404
221 0.574398
222 0.574391
223 0.574385
224 0.57438
225 0.574374
226 0.574369
227 0.574365
228 0.574361
229 0.574357
230 0.574354
231 0.574351
232 0.574348
233 0.574345
234 0.574343
235 0.574342
236 0.57434
237 0.574339
238 0.574339
239 0.574338
240 0.574338
241 0.574338
242 0.574338
243 0.574339
244 0.57434
245 0.574341
246 0.574343
247 0.574344
248 0.574346
249 0.574348
250 0.574351
251 0.574353
252 0.574356
253 0.574359
254 0.574362
255 0.574366
256 0.574369
257 0.574373
258 0.574377
259 0.574381
260 0.574386
261 0.57439
262 0.574395
263 0.5744
264 0.574405
265 0.57441
266 0.574415
267 0.574421
268 0.574427
269 0.574432
270 0.574438
271 0.574444
272 0.574451
273 0.574457
274 0.574463
275 0.57447
276 0.574477
277 0.574483
278 0.57449
279 0.574497
280 0.574505
281 0.574512
282 0.574519
283 0.574527
284 0.574534
285 0.574542
286 0.57455
287 0.574558
288 0.574566
289 0.574574
290 0.574582
291 0.574591
292 0.574599
293 0.574608
294 0.574616
295 0.574625
296 0.574634
297 0.574643
298 0.574652
299 0.574662
300 0.574671
301 0.574681
302 0.57469
303 0.5747
304 0.57471
305 0.57472
306 0.57473
307 0.574741
308 0.574751
309 0.574762
310 0.574772
311 0.574783
312 0.574794
313 0.574806
314 0.574817
315 0.574828
316 0.57484
317 0.574852
318 0.574864
319 0.574876
320 0.574888
321 0.5749
322 0.574913
323 0.574926
324 0.574938
325 0.574951
326 0.574965
327 0.574978
328 0.574991
329 0.575005
330 0.575019
331 0.575033
332 0.575047
333 0.575062
334 0.575076
335 0.575091
336 0.575106
337 0.575121
338 0.575136
339 0.575151
340 0.575167
341 0.575183
342 0.575199
343 0.575215
344 0.575231
345 0.575248
346 0.575265
347 0.575282
348 0.575299
349 0.575316
350 0.575334
351 0.575352
352 0.57537
353 0.575388
354 0.575407
355 0.575425
356 0.575444
357 0.575464
358 0.575483
359 0.575503
360 0.575523
361 0.575543
362 0.575564
363 0.575585
364 0.575606
365 0.575627
366 0.575649
367 0.575671
368 0.575693
369 0.575716
370 0.575739
371 0.575762
372 0.575786
373 0.57581
374 0.575834
375 0.575859
376 0.575884
377 0.575909
378 0.575934
379 0.57596
380 0.575987
381 0.576014
382 0.576041
383 0.576069
384 0.576097
385 0.576126
386 0.576155
387 0.576184
388 0.576214
389 0.576244
390 0.576274
391 0.576305
392 0.576337
393 0.576368
394 0.576401
395 0.576433
396 0.576467
397 0.5765
398 0.576535
399 0.576569
400 0.576605
401 0.57664
402 0.576677
403 0.576713
404 0.576751
405 0.576788
406 0.576827
407 0.576865
408 0.576905
409 0.576944
410 0.576985
411 0.577026
412 0.577067
413 0.577109
414 0.577152
415 0.577195
416 0.577238
417 0.577282
418 0.577327
419 0.577372
420 0.577417
421 0.577463
422 0.57751
423 0.577556
424 0.577604
425 0.577652
426 0.5777
427 0.577749
428 0.577799
429 0.577848
430 0.577898
431 0.577949
432 0.578
433 0.578051
434 0.578103
435 0.578154
436 0.578207
437 0.578259
438 0.578312
439 0.578366
440 0.578419
441 0.578473
442 0.578527
443 0.578582
444 0.578637
445 0.578691
446 0.578746
447 0.578802
448 0.578857
449 0.578912
450 0.578968
451 0.579023
452 0.579079
453 0.579135
454 0.579192
455 0.579248
456 0.579304
457 0.579361
458 0.579417
459 0.579473
460 0.579528
461 0.579584
462 0.57964
463 0.579695
464 0.57975
465 0.579805
466 0.579859
467 0.579913
468 0.579967
469 0.580021
470 0.580074
471 0.580127
472 0.580179
473 0.580232
474 0.580284
475 0.580336
476 0.580388
477 0.580439
478 0.580489
479 0.580538
480 0.580588
481 0.580636
482 0.580684
483 0.580731
484 0.580778
485 0.580823
486 0.580869
487 0.580914
488 0.580957
489 0.581
490 0.581042
491 0.581083
492 0.581123
493 0.581163
494 0.581201
495 0.581237
496 0.581273
497 0.581308
498 0.581342
499 0.581374
500 0.581405
501 0.581434
502 0.581462
503 0.581488
504 0.581512
505 0.581535
506 0.581556
507 0.581576
508 0.581594
509 0.58161
510 0.581625
511 0.581638
512 0.58165
513 0.58166
514 0.581667
515 0.581673
516 0.581678
517 0.581681
518 0.581682
519 0.581682
520 0.581679
521 0.581675
522 0.581669
523 0.581662
524 0.581653
525 0.581642
526 0.581629
527 0.581615
528 0.581598
529 0.58158
530 0.581561
531 0.58154
532 0.581518
533 0.581494
534 0.58147
535 0.581444
536 0.581416
537 0.581387
538 0.581357
539 0.581326
540 0.581295
541 0.581263
542 0.581229
543 0.581195
544 0.58116
545 0.581124
546 0.581088
547 0.581051
548 0.581013
549 0.580976
550 0.580937
551 0.580898
552 0.580859
553 0.58082
554 0.580781
555 0.580741
556 0.580702
557 0.580662
558 0.580623
559 0.580584
560 0.580545
561 0.580506
562 0.580467
563 0.580428
564 0.58039
565 0.580351
566 0.580313
567 0.580275
568 0.580237
569 0.5802
570 0.580162
571 0.580126
572 0.580089
573 0.580052
574 0.580016
575 0.579981
576 0.579945
577 0.57991
578 0.579875
579 0.57984
580 0.579806
581 0.579772
582 0.579738
583 0.579705
584 0.579672
585 0.57964
586 0.579608
587 0.579576
588 0.579545
589 0.579514
590 0.579484
591 0.579454
592 0.579425
593 0.579396
594 0.579368
595 0.57934
596 0.579313
597 0.579287
598 0.57926
599 0.579235
600 0.579209
601 0.579184
602 0.579159
603 0.579134
604 0.57911
605 0.579086
606 0.579062
607 0.579039
608 0.579016
609 0.578994
610 0.578971
611 0.57895
612 0.578928
613 0.578907
614 0.578886
615 0.578866
616 0.578845
617 0.578825
618 0.578805
619 0.578786
620 0.578766
621 0.578747
622 0.578729
623 0.57871
624 0.578691
625 0.578673
626 0.578655
627 0.578637
628 0.57862
629 0.578603
630 0.578586
631 0.578569
632 0.578552
633 0.578536
634 0.578519
635 0.578503
636 0.578487
637 0.578471
638 0.578456
639 0.57844
640 0.578425
641 0.57841
642 0.578394
643 0.578379
644 0.578364
645 0.578349
646 0.578335
647 0.57832
648 0.578306
649 0.578292
650 0.578278
651 0.578264
652 0.57825
653 0.578237
654 0.578223
655 0.57821
656 0.578197
657 0.578184
658 0.578171
659 0.578158
660 0.578145
661 0.578133
662 0.57812
663 0.578107
664 0.578095
665 0.578082
666 0.57807
667 0.578058
668 0.578046
669 0.578034
670 0.578022
671 0.57801
672 0.577999
673 0.577987
674 0.577976
675 0.577965
676 0.577953
677 0.577942
678 0.577931
679 0.577919
680 0.577908
681 0.577897
682 0.577886
683 0.577875
684 0.577864
685 0.577853
686 0.577842
687 0.577831
688 0.577821
689 0.57781
690 0.5778
691 0.577789
692 0.577778
693 0.577768
694 0.577758
695 0.577747
696 0.577737
697 0.577726
698 0.577716
699 0.577706
700 0.577695
701 0.577685
702 0.577674
703 0.577664
704 0.577654
705 0.577643
706 0.577633
707 0.577623
708 0.577612
709 0.577602
710 0.577591
711 0.577581
712 0.577571
713 0.577561
714 0.577551
715 0.577541
716 0.577531
717 0.577521
718 0.577512
719 0.577502
720 0.577492
721 0.577483
722 0.577473
723 0.577463
724 0.577453
725 0.577444
726 0.577434
727 0.577424
728 0.577415
729 0.577405
730 0.577395
731 0.577385
732 0.577376
733 0.577366
734 0.577356
735 0.577346
736 0.577336
737 0.577327
738 0.577317
739 0.577307
740 0.577297
741 0.577287
742 0.577277
743 0.577268
744 0.577258
745 0.577249
746 0.577239
747 0.57723
748 0.57722
749 0.577211
750 0.577201
751 0.577192
752 0.577183
753 0.577174
754 0.577164
755 0.577155
756 0.577146
757 0.577137
758 0.577128
759 0.577119
760 0.57711
761 0.577101
762 0.577092
763 0.577084
764 0.577075
765 0.577067
766 0.577058
767 0.57705
768 0.577041
769 0.577033
770 0.577025
771 0.577016
772 0.577008
773 0.576999
774 0.576991
775 0.576983
776 0.576975
777 0.576967
778 0.576958
779 0.57695
780 0.576942
781 0.576934
782 0.576926
783 0.576918
784 0.57691
785 0.576902
786 0.576894
787 0.576887
788 0.576879
789 0.576871
790 0.576864
791 0.576856
792 0.576849
793 0.576842
794 0.576834
795 0.576827
796 0.57682
797 0.576813
798 0.576806
799 0.576799
800 0.576793
801 0.576786
802 0.576779
803 0.576772
804 0.576766
805 0.576759
806 0.576752
807 0.576746
808 0.576739
809 0.576733
810 0.576726
811 0.57672
812 0.576713
813 0.576707
814 0.576701
815 0.576694
816 0.576688
817 0.576682
818 0.576676
819 0.57667
820 0.576664
821 0.576658
822 0.576652
823 0.576646
824 0.57664
825 0.576634
826 0.576629
827 0.576623
828 0.576617
829 0.576612
830 0.576606
831 0.576601
832 0.576596
833 0.576591
834 0.576586
835 0.576581
836 0.576576
837 0.576571
838 0.576566
839 0.576561
840 0.576556
841 0.576551
842 0.576546
843 0.576541
844 0.576536
845 0.576531
846 0.576527
847 0.576522
848 0.576517
849 0.576513
850 0.576509
851 0.576504
852 0.5765
853 0.576496
854 0.576492
855 0.576488
856 0.576484
857 0.576481
858 0.576477
859 0.576473
860 0.576469
861 0.576465
862 0.576462
863 0.576458
864 0.576455
865 0.576451
866 0.576448
867 0.576444
868 0.576441
869 0.576437
870 0.576434
871 0.57643
872 0.576427
873 0.576424
874 0.57642
875 0.576417
876 0.576414
877 0.576411
878 0.576408
879 0.576405
880 0.576402
881 0.576398
882 0.576395
883 0.576392
884 0.576389
885 0.576386
886 0.576383
887 0.57638
888 0.576376
889 0.576373
890 0.57637
891 0.576367
892 0.576364
893 0.576361
894 0.576358
895 0.576355
896 0.576352
897 0.576349
898 0.576347
899 0.576344
900 0.576342
901 0.576339
902 0.576337
903 0.576334
904 0.576332
905 0.576329
906 0.576326
907 0.576324
908 0.576322
909 0.57632
910 0.576317
911 0.576315
912 0.576313
913 0.576311
914 0.576309
915 0.576306
916 0.576304
917 0.576302
918 0.5763
919 0.576297
920 0.576295
921 0.576293
922 0.576291
923 0.576288
924 0.576286
925 0.576284
926 0.576282
927 0.576279
928 0.576277
929 0.576275
930 0.576273
931 0.57627
932 0.576268
933 0.576266
934 0.576264
935 0.576262
936 0.57626
937 0.576257
938 0.576255
939 0.576253
940 0.576251
941 0.576249
942 0.576247
943 0.576245
944 0.576242
945 0.57624
946 0.576238
947 0.576236
948 0.576234
949 0.576232
950 0.57623
951 0.576227
952 0.576226
953 0.576224
954 0.576222
955 0.57622
956 0.576218
957 0.576216
958 0.576214
959 0.576212
960 0.57621
961 0.576208
962 0.576206
963 0.576204
964 0.576202
965 0.5762
966 0.576198
967 0.576196
968 0.576195
969 0.576193
970 0.576191
971 0.576189
972 0.576187
973 0.576186
974 0.576184
975 0.576182
976 0.57618
977 0.576178
978 0.576177
979 0.576175
980 0.576173
981 0.576171
982 0.576169
983 0.576168
984 0.576166
985 0.576164
986 0.576162
987 0.576161
988 0.576159
989 0.576157
990 0.576155
991 0.576153
992 0.576151
993 0.576149
994 0.576147
995 0.576145
996 0.576143
997 0.576141
998 0.576139
999 0.576137
1000 0.576135
