1 0.745138
2 0.744336
3 0.743541
4 0.742749
5 0.741955
6 0.741158
7 0.740358
8 0.739549
9 0.738731
10 0.737902
11 0.737062
12 0.736207
13 0.735336
14 0.734449
15 0.733541
16 0.732614
17 0.731664
18 0.730689
19 0.729689
20 0.728663
21 0.727612
22 0.726537
23 0.725441
24 0.724326
25 0.723194
26 0.722047
27 0.720891
28 0.719733
29 0.718576
30 0.717426
31 0.716286
32 0.715161
33 0.714055
34 0.71297
35 0.711909
36 0.710873
37 0.709867
38 0.70889
39 0.707944
40 0.707029
41 0.706145
42 0.705293
43 0.704474
44 0.703686
45 0.702929
46 0.702204
47 0.701511
48 0.700848
49 0.700216
50 0.699614
51 0.699041
52 0.698498
53 0.697982
54 0.697496
55 0.697038
56 0.696606
57 0.6962
58 0.695819
59 0.695463
60 0.695129
61 0.694817
62 0.694528
63 0.694259
64 0.694009
65 0.693777
66 0.693563
67 0.693366
68 0.693185
69 0.693017
70 0.692863
71 0.69272
72 0.69259
73 0.692469
74 0.692358
75 0.692256
76 0.69216
77 0.692071
78 0.691986
79 0.691906
80 0.691828
81 0.691753
82 0.69168
83 0.691607
84 0.691533
85 0.691457
86 0.691379
87 0.691299
88 0.691216
89 0.691129
90 0.691035
91 0.690936
92 0.690831
93 0.690718
94 0.690596
95 0.690466
96 0.690326
97 0.690175
98 0.690013
99 0.68984
100 0.689653
101 0.689455
102 0.689243
103 0.689017
104 0.688777
105 0.688523
106 0.688255
107 0.687973
108 0.687676
109 0.687366
110 0.687042
111 0.686705
112 0.686354
113 0.685991
114 0.685615
115 0.685227
116 0.684827
117 0.684417
118 0.683996
119 0.683565
120 0.683124
121 0.682676
122 0.682219
123 0.681756
124 0.681285
125 0.680808
126 0.680325
127 0.679837
128 0.679344
129 0.678848
130 0.678348
131 0.677844
132 0.677337
133 0.676828
134 0.676317
135 0.675804
136 0.675289
137 0.674773
138 0.674255
139 0.673737
140 0.673218
141 0.672699
142 0.672179
143 0.671658
144 0.671137
145 0.670616
146 0.670094
147 0.669572
148 0.669048
149 0.668523
150 0.667997
151 0.667468
152 0.666938
153 0.666405
154 0.665869
155 0.665331
156 0.66479
157 0.664245
158 0.663695
159 0.663141
160 0.662583
161 0.66202
162 0.661454
163 0.660882
164 0.660307
165 0.659727
166 0.659142
167 0.658553
168 0.657959
169 0.657361
170 0.656759
171 0.656153
172 0.655543
173 0.65493
174 0.654313
175 0.653693
176 0.65307
177 0.652445
178 0.651817
179 0.651187
180 0.650555
181 0.649923
182 0.649289
183 0.648654
184 0.648018
185 0.647383
186 0.646747
187 0.646111
188 0.645476
189 0.644842
190 0.644209
191 0.643577
192 0.642946
193 0.642317
194 0.641691
195 0.641067
196 0.640445
197 0.639827
198 0.639211
199 0.638599
200 0.63799
201 0.637385
202 0.636784
203 0.636186
204 0.635593
205 0.635004
206 0.63442
207 0.63384
208 0.633265
209 0.632695
210 0.63213
211 0.63157
212 0.631015
213 0.630465
214 0.62992
215 0.62938
216 0.628845
217 0.628315
218 0.627791
219 0.627272
220 0.626758
221 0.626249
222 0.625745
223 0.625247
224 0.624753
225 0.624265
226 0.623781
227 0.623302
228 0.622828
229 0.622358
230 0.621893
231 0.621432
232 0.620976
233 0.620524
234 0.620076
235 0.619632
236 0.619193
237 0.618757
238 0.618326
239 0.617898
240 0.617473
241 0.617052
242 0.616635
243 0.61622
244 0.615809
245 0.615401
246 0.614997
247 0.614595
248 0.614196
249 0.613801
250 0.613408
251 0.613018
252 0.61263
253 0.612245
254 0.611863
255 0.611484
256 0.611107
257 0.610733
258 0.610361
259 0.609991
260 0.609625
261 0.60926
262 0.608898
263 0.608538
264 0.608181
265 0.607826
266 0.607473
267 0.607123
268 0.606775
269 0.606429
270 0.606086
271 0.605745
272 0.605406
273 0.605069
274 0.604735
275 0.604403
276 0.604073
277 0.603745
278 0.60342
279 0.603096
280 0.602775
281 0.602456
282 0.602139
283 0.601825
284 0.601512
285 0.601201
286 0.600893
287 0.600587
288 0.600282
289 0.59998
290 0.599681
291 0.599383
292 0.599087
293 0.598794
294 0.598502
295 0.598213
296 0.597926
297 0.597641
298 0.597358
299 0.597078
300 0.596799
301 0.596523
302 0.596249
303 0.595977
304 0.595707
305 0.595439
306 0.595174
307 0.59491
308 0.594649
309 0.59439
310 0.594133
311 0.593878
312 0.593625
313 0.593375
314 0.593127
315 0.59288
316 0.592636
317 0.592394
318 0.592154
319 0.591916
320 0.59168
321 0.591447
322 0.591215
323 0.590985
324 0.590757
325 0.590532
326 0.590308
327 0.590086
328 0.589866
329 0.589648
330 0.589432
331 0.589218
332 0.589006
333 0.588795
334 0.588586
335 0.588379
336 0.588174
337 0.587971
338 0.587769
339 0.587568
340 0.58737
341 0.587173
342 0.586977
343 0.586783
344 0.586591
345 0.5864
346 0.58621
347 0.586022
348 0.585836
349 0.58565
350 0.585467
351 0.585285
352 0.585104
353 0.584924
354 0.584746
355 0.58457
356 0.584395
357 0.584221
358 0.584049
359 0.583878
360 0.583708
361 0.58354
362 0.583374
363 0.583209
364 0.583045
365 0.582883
366 0.582722
367 0.582563
368 0.582405
369 0.582249
370 0.582095
371 0.581942
372 0.58179
373 0.58164
374 0.581492
375 0.581345
376 0.5812
377 0.581056
378 0.580914
379 0.580774
380 0.580635
381 0.580498
382 0.580362
383 0.580229
384 0.580097
385 0.579966
386 0.579838
387 0.579711
388 0.579585
389 0.579462
390 0.57934
391 0.57922
392 0.579102
393 0.578985
394 0.57887
395 0.578757
396 0.578646
397 0.578536
398 0.578429
399 0.578322
400 0.578218
401 0.578116
402 0.578015
403 0.577916
404 0.577819
405 0.577723
406 0.577629
407 0.577537
408 0.577447
409 0.577359
410 0.577272
411 0.577187
412 0.577103
413 0.577021
414 0.576941
415 0.576863
416 0.576786
417 0.576711
418 0.576637
419 0.576565
420 0.576495
421 0.576426
422 0.576359
423 0.576293
424 0.576229
425 0.576167
426 0.576105
427 0.576046
428 0.575988
429 0.575931
430 0.575875
431 0.575821
432 0.575769
433 0.575717
434 0.575667
435 0.575619
436 0.575571
437 0.575525
438 0.57548
439 0.575436
440 0.575394
441 0.575352
442 0.575312
443 0.575273
444 0.575235
445 0.575198
446 0.575162
447 0.575127
448 0.575093
449 0.57506
450 0.575028
451 0.574997
452 0.574967
453 0.574938
454 0.57491
455 0.574882
456 0.574855
457 0.57483
458 0.574804
459 0.57478
460 0.574757
461 0.574734
462 0.574712
463 0.57469
464 0.57467
465 0.574649
466 0.57463
467 0.574611
468 0.574593
469 0.574575
470 0.574558
471 0.574542
472 0.574526
473 0.57451
474 0.574495
475 0.574481
476 0.574467
477 0.574453
478 0.57444
479 0.574427
480 0.574415
481 0.574403
482 0.574392
483 0.574381
484 0.57437
485 0.57436
486 0.57435
487 0.57434
488 0.574331
489 0.574322
490 0.574313
491 0.574305
492 0.574297
493 0.574289
494 0.574281
495 0.574274
496 0.574267
497 0.57426
498 0.574253
499 0.574247
500 0.574241
501 0.574235
502 0.574229
503 0.574224
504 0.574218
505 0.574213
506 0.574208
507 0.574203
508 0.574199
509 0.574194
510 0.57419
511 0.574186
512 0.574182
513 0.574178
514 0.574174
515 0.57417
516 0.574167
517 0.574164
518 0.57416
519 0.574157
520 0.574154
521 0.574151
522 0.574148
523 0.574146
524 0.574143
525 0.57414
526 0.574138
527 0.574136
528 0.574133
529 0.574131
530 0.574129
531 0.574127
532 0.574125
533 0.574123
534 0.574121
535 0.574119
536 0.574118
537 0.574116
538 0.574115
539 0.574113
540 0.574111
541 0.57411
542 0.574109
543 0.574107
544 0.574106
545 0.574105
546 0.574104
547 0.574102
548 0.574101
549 0.5741
550 0.574099
551 0.574098
552 0.574097
553 0.574096
554 0.574095
555 0.574095
556 0.574094
557 0.574093
558 0.574092
559 0.574091
560 0.574091
561 0.57409
562 0.574089
563 0.574089
564 0.574088
565 0.574087
566 0.574087
567 0.574086
568 0.574086
569 0.574085
570 0.574085
571 0.574084
572 0.574084
573 0.574083
574 0.574083
575 0.574082
576 0.574082
577 0.574082
578 0.574081
579 0.574081
580 0.57408
581 0.57408
582 0.57408
583 0.574079
584 0.574079
585 0.574079
586 0.574078
587 0.574078
588 0.574078
589 0.574078
590 0.574077
591 0.574077
592 0.574077
593 0.574077
594 0.574076
595 0.574076
596 0.574076
597 0.574076
598 0.574076
599 0.574076
600 0.574075
601 0.574075
602 0.574075
603 0.574075
604 0.574075
605 0.574075
606 0.574074
607 0.574074
608 0.574074
609 0.574074
610 0.574074
611 0.574074
612 0.574074
613 0.574073
614 0.574073
615 0.574073
616 0.574073
617 0.574073
618 0.574073
619 0.574073
620 0.574073
621 0.574073
622 0.574073
623 0.574073
624 0.574072
625 0.574072
626 0.574072
627 0.574072
628 0.574072
629 0.574072
630 0.574072
631 0.574072
632 0.574072
633 0.574072
634 0.574072
635 0.574072
636 0.574072
637 0.574072
638 0.574071
639 0.574071
640 0.574071
641 0.574071
642 0.574071
643 0.574071
644 0.574071
645 0.574071
646 0.574071
647 0.574071
648 0.574071
649 0.574071
650 0.574071
651 0.574071
652 0.574071
653 0.574071
654 0.574071
655 0.574071
656 0.574071
657 0.57407
658 0.57407
659 0.57407
660 0.57407
661 0.57407
662 0.57407
663 0.57407
664 0.57407
665 0.57407
666 0.57407
667 0.57407
668 0.57407
669 0.57407
670 0.57407
671 0.57407
672 0.57407
673 0.57407
674 0.57407
675 0.57407
676 0.57407
677 0.57407
678 0.57407
679 0.57407
680 0.57407
681 0.574069
682 0.574069
683 0.574069
684 0.574069
685 0.574069
686 0.574069
687 0.574069
688 0.574069
689 0.574069
690 0.574069
691 0.574069
692 0.574069
693 0.574069
694 0.574069
695 0.574069
696 0.574069
697 0.574069
698 0.574069
699 0.574069
700 0.574069
701 0.574069
702 0.574069
703 0.574069
704 0.574069
705 0.574069
706 0.574069
707 0.574068
708 0.574068
709 0.574068
710 0.574068
711 0.574068
712 0.574068
713 0.574068
714 0.574068
715 0.574068
716 0.574068
717 0.574068
718 0.574068
719 0.574068
720 0.574068
721 0.574068
722 0.574068
723 0.574068
724 0.574068
725 0.574068
726 0.574068
727 0.574068
728 0.574068
729 0.574068
730 0.574067
731 0.574067
732 0.574067
733 0.574067
734 0.574067
735 0.574067
736 0.574067
737 0.574067
738 0.574067
739 0.574067
740 0.574067
741 0.574067
742 0.574067
743 0.574067
744 0.574067
745 0.574067
746 0.574067
747 0.574067
748 0.574067
749 0.574067
750 0.574067
751 0.574066
752 0.574066
753 0.574066
754 0.574066
755 0.574066
756 0.574066
757 0.574066
758 0.574066
759 0.574066
760 0.574066
761 0.574066
762 0.574066
763 0.574066
764 0.574066
765 0.574066
766 0.574066
767 0.574066
768 0.574066
769 0.574066
770 0.574066
771 0.574066
772 0.574066
773 0.574065
774 0.574065
775 0.574065
776 0.574065
777 0.574065
778 0.574065
779 0.574065
780 0.574065
781 0.574065
782 0.574065
783 0.574065
784 0.574065
785 0.574065
786 0.574065
787 0.574065
788 0.574065
789 0.574065
790 0.574065
791 0.574065
792 0.574065
793 0.574065
794 0.574065
795 0.574065
796 0.574065
797 0.574065
798 0.574064
799 0.574064
800 0.574064
801 0.574064
802 0.574064
803 0.574064
804 0.574064
805 0.574064
806 0.574064
807 0.574064
808 0.574064
809 0.574064
810 0.574064
811 0.574064
812 0.574064
813 0.574064
814 0.574064
815 0.574064
816 0.574064
817 0.574064
818 0.574064
819 0.574064
820 0.574064
821 0.574064
822 0.574064
823 0.574064
824 0.574064
825 0.574064
826 0.574064
827 0.574064
828 0.574063
829 0.574063
830 0.574063
831 0.574063
832 0.574063
833 0.574063
834 0.574063
835 0.574063
836 0.574063
837 0.574063
838 0.574063
839 0.574063
840 0.574063
841 0.574063
842 0.574063
843 0.574063
844 0.574063
845 0.574063
846 0.574063
847 0.574063
848 0.574063
849 0.574063
850 0.574063
851 0.574063
852 0.574063
853 0.574063
854 0.574063
855 0.574063
856 0.574063
857 0.574063
858 0.574063
859 0.574063
860 0.574063
861 0.574063
862 0.574063
863 0.574063
864 0.574063
865 0.574063
866 0.574063
867 0.574063
868 0.574062
869 0.574062
870 0.574062
871 0.574062
872 0.574062
873 0.574062
874 0.574062
875 0.574062
876 0.574062
877 0.574062
878 0.574062
879 0.574062
880 0.574062
881 0.574062
882 0.574062
883 0.574062
884 0.574062
885 0.574062
886 0.574062
887 0.574062
888 0.574062
889 0.574062
890 0.574062
891 0.574062
892 0.574062
893 0.574062
894 0.574062
895 0.574062
896 0.574062
897 0.574062
898 0.574062
899 0.574062
900 0.574062
901 0.574062
902 0.574062
903 0.574062
904 0.574062
905 0.574062
906 0.574062
907 0.574062
908 0.574062
909 0.574062
910 0.574062
911 0.574062
912 0.574062
913 0.574062
914 0.574062
915 0.574062
916 0.574062
917 0.574062
918 0.574062
919 0.574062
920 0.574062
921 0.574062
922 0.574062
923 0.574062
924 0.574062
925 0.574062
926 0.574062
927 0.574062
928 0.574062
929 0.574062
930 0.574062
931 0.574062
932 0.574062
933 0.574062
934 0.574062
935 0.574062
936 0.574062
937 0.574062
938 0.574062
939 0.574062
940 0.574062
941 0.574062
942 0.574062
943 0.574062
944 0.574062
945 0.574062
946 0.574062
947 0.574062
948 0.574062
949 0.574062
950 0.574062
951 0.574062
952 0.574062
953 0.574062
954 0.574062
955 0.574062
956 0.574062
957 0.574062
958 0.574062
959 0.574062
960 0.574062
961 0.574062
962 0.574062
963 0.574062
964 0.574062
965 0.574062
966 0.574062
967 0.574062
968 0.574062
969 0.574062
970 0.574062
971 0.574062
972 0.574062
973 0.574062
974 0.574062
975 0.574062
976 0.574062
977 0.574062
978 0.574062
979 0.574062
980 0.574063
981 0.574063
982 0.574063
983 0.574063
984 0.574063
985 0.574063
986 0.574063
987 0.574063
988 0.574063
989 0.574063
990 0.574063
991 0.574063
992 0.574063
993 0.574063
994 0.574063
995 0.574063
996 0.574063
997 0.574063
998 0.574063
999 0.574063
1000 0.574063
