1 0.702065
2 0.702163
3 0.70226
4 0.702355
5 0.702447
6 0.702535
7 0.702619
8 0.7027
9 0.702775
10 0.702844
11 0.702908
12 0.702963
13 0.703012
14 0.703051
15 0.70308
16 0.703099
17 0.703106
18 0.703099
19 0.703076
20 0.703036
21 0.702975
22 0.702892
23 0.702785
24 0.702652
25 0.702491
26 0.7023
27 0.702077
28 0.701823
29 0.701537
30 0.701218
31 0.700868
32 0.700487
33 0.700076
34 0.699638
35 0.699173
36 0.698685
37 0.698175
38 0.697645
39 0.697096
40 0.696529
41 0.695947
42 0.695351
43 0.69474
44 0.694118
45 0.693485
46 0.692841
47 0.692187
48 0.691526
49 0.690858
50 0.690183
51 0.689503
52 0.688819
53 0.688131
54 0.68744
55 0.686746
56 0.686052
57 0.685356
58 0.684661
59 0.683968
60 0.683275
61 0.682586
62 0.6819
63 0.681219
64 0.680544
65 0.679875
66 0.679213
67 0.678559
68 0.677914
69 0.67728
70 0.676655
71 0.676042
72 0.67544
73 0.674851
74 0.674275
75 0.673713
76 0.673165
77 0.67263
78 0.672109
79 0.671602
80 0.671109
81 0.67063
82 0.670166
83 0.669716
84 0.669281
85 0.66886
86 0.668454
87 0.668061
88 0.667683
89 0.667318
90 0.666967
91 0.666629
92 0.666305
93 0.665994
94 0.665695
95 0.665408
96 0.665134
97 0.664871
98 0.66462
99 0.664379
100 0.664149
101 0.663928
102 0.663717
103 0.663516
104 0.663323
105 0.663138
106 0.66296
107 0.662789
108 0.662625
109 0.662467
110 0.662314
111 0.662166
112 0.662022
113 0.661883
114 0.661747
115 0.661616
116 0.661488
117 0.661365
118 0.661245
119 0.66113
120 0.661018
121 0.660911
122 0.660809
123 0.660711
124 0.660618
125 0.66053
126 0.660448
127 0.660372
128 0.660302
129 0.660239
130 0.660183
131 0.660134
132 0.660093
133 0.660061
134 0.660036
135 0.660021
136 0.660015
137 0.660018
138 0.66003
139 0.660052
140 0.660084
141 0.660125
142 0.660177
143 0.660239
144 0.660311
145 0.660394
146 0.660486
147 0.660588
148 0.6607
149 0.660822
150 0.660953
151 0.661094
152 0.661245
153 0.661405
154 0.661573
155 0.661751
156 0.661937
157 0.662131
158 0.662333
159 0.662543
160 0.662761
161 0.662986
162 0.663219
163 0.663459
164 0.663705
165 0.663958
166 0.664218
167 0.664483
168 0.664754
169 0.665031
170 0.665312
171 0.665598
172 0.665888
173 0.666183
174 0.666482
175 0.666784
176 0.66709
177 0.6674
178 0.667712
179 0.668027
180 0.668344
181 0.668664
182 0.668986
183 0.669309
184 0.669634
185 0.66996
186 0.670288
187 0.670616
188 0.670944
189 0.671274
190 0.671603
191 0.671933
192 0.672263
193 0.672593
194 0.672922
195 0.673251
196 0.67358
197 0.673908
198 0.674235
199 0.674561
200 0.674886
201 0.675209
202 0.675531
203 0.675852
204 0.676171
205 0.676489
206 0.676805
207 0.677118
208 0.677431
209 0.677741
210 0.678049
211 0.678355
212 0.678659
213 0.67896
214 0.679259
215 0.679556
216 0.67985
217 0.680142
218 0.680431
219 0.680718
220 0.681002
221 0.681284
222 0.681562
223 0.681839
224 0.682113
225 0.682384
226 0.682653
227 0.682919
228 0.683182
229 0.683442
230 0.6837
231 0.683955
232 0.684208
233 0.684457
234 0.684704
235 0.684947
236 0.685188
237 0.685425
238 0.68566
239 0.685891
240 0.68612
241 0.686345
242 0.686567
243 0.686785
244 0.687
245 0.687212
246 0.68742
247 0.687624
248 0.687825
249 0.688021
250 0.688215
251 0.688404
252 0.688589
253 0.688771
254 0.688948
255 0.689122
256 0.689291
257 0.689456
258 0.689618
259 0.689774
260 0.689926
261 0.690074
262 0.690216
263 0.690354
264 0.690486
265 0.690613
266 0.690735
267 0.690852
268 0.690964
269 0.69107
270 0.691171
271 0.691268
272 0.691359
273 0.691445
274 0.691527
275 0.691605
276 0.691678
277 0.691747
278 0.691812
279 0.691873
280 0.69193
281 0.691984
282 0.692035
283 0.692084
284 0.69213
285 0.692175
286 0.692218
287 0.692259
288 0.692298
289 0.692336
290 0.692371
291 0.692404
292 0.692434
293 0.69246
294 0.692483
295 0.692502
296 0.692517
297 0.692527
298 0.692533
299 0.692534
300 0.69253
301 0.692522
302 0.69251
303 0.692492
304 0.69247
305 0.692443
306 0.692412
307 0.692375
308 0.692333
309 0.692286
310 0.692234
311 0.692176
312 0.692114
313 0.692046
314 0.691972
315 0.691893
316 0.691808
317 0.691717
318 0.691621
319 0.69152
320 0.691413
321 0.6913
322 0.691181
323 0.691056
324 0.690926
325 0.69079
326 0.690649
327 0.690502
328 0.690349
329 0.690192
330 0.690029
331 0.689862
332 0.689689
333 0.689512
334 0.689331
335 0.689145
336 0.688955
337 0.688762
338 0.688565
339 0.688365
340 0.688162
341 0.687956
342 0.687748
343 0.687537
344 0.687325
345 0.687112
346 0.686897
347 0.686681
348 0.686465
349 0.686249
350 0.686033
351 0.685817
352 0.685602
353 0.685389
354 0.685177
355 0.684967
356 0.68476
357 0.684555
358 0.684353
359 0.684154
360 0.683958
361 0.683767
362 0.683579
363 0.683395
364 0.683215
365 0.683039
366 0.682868
367 0.682702
368 0.68254
369 0.682383
370 0.68223
371 0.682082
372 0.681938
373 0.681799
374 0.681665
375 0.681536
376 0.681411
377 0.681291
378 0.681176
379 0.681066
380 0.680961
381 0.68086
382 0.680764
383 0.680672
384 0.680585
385 0.680502
386 0.680424
387 0.680351
388 0.680282
389 0.680218
390 0.680158
391 0.680102
392 0.680051
393 0.680004
394 0.67996
395 0.679921
396 0.679886
397 0.679855
398 0.679828
399 0.679806
400 0.679787
401 0.679773
402 0.679762
403 0.679755
404 0.679752
405 0.679752
406 0.679756
407 0.679763
408 0.679773
409 0.679787
410 0.679803
411 0.679823
412 0.679845
413 0.679869
414 0.679896
415 0.679925
416 0.679955
417 0.679988
418 0.680022
419 0.680057
420 0.680094
421 0.680131
422 0.680169
423 0.680208
424 0.680248
425 0.680288
426 0.680328
427 0.680367
428 0.680407
429 0.680446
430 0.680484
431 0.680521
432 0.680557
433 0.680593
434 0.680627
435 0.68066
436 0.680691
437 0.680721
438 0.680749
439 0.680776
440 0.680801
441 0.680824
442 0.680846
443 0.680865
444 0.680883
445 0.680899
446 0.680913
447 0.680925
448 0.680935
449 0.680944
450 0.68095
451 0.680954
452 0.680957
453 0.680957
454 0.680956
455 0.680953
456 0.680948
457 0.680941
458 0.680932
459 0.680922
460 0.68091
461 0.680896
462 0.680881
463 0.680864
464 0.680846
465 0.680827
466 0.680806
467 0.680783
468 0.68076
469 0.680735
470 0.680709
471 0.680682
472 0.680654
473 0.680625
474 0.680595
475 0.680563
476 0.680531
477 0.680499
478 0.680465
479 0.680431
480 0.680396
481 0.680361
482 0.680325
483 0.680289
484 0.680253
485 0.680217
486 0.680181
487 0.680145
488 0.68011
489 0.680075
490 0.680042
491 0.680009
492 0.679977
493 0.679947
494 0.679919
495 0.679893
496 0.679869
497 0.679847
498 0.679827
499 0.67981
500 0.679796
501 0.679784
502 0.679776
503 0.67977
504 0.679768
505 0.679769
506 0.679774
507 0.679782
508 0.679794
509 0.679809
510 0.679828
511 0.67985
512 0.679875
513 0.679904
514 0.679937
515 0.679973
516 0.680012
517 0.680054
518 0.6801
519 0.680149
520 0.680201
521 0.680257
522 0.680315
523 0.680377
524 0.680441
525 0.680508
526 0.680579
527 0.680652
528 0.680728
529 0.680806
530 0.680887
531 0.680971
532 0.681057
533 0.681146
534 0.681237
535 0.68133
536 0.681425
537 0.681522
538 0.681622
539 0.681723
540 0.681826
541 0.681931
542 0.682037
543 0.682145
544 0.682254
545 0.682365
546 0.682477
547 0.68259
548 0.682704
549 0.682819
550 0.682935
551 0.683052
552 0.68317
553 0.683288
554 0.683407
555 0.683526
556 0.683646
557 0.683766
558 0.683887
559 0.684007
560 0.684128
561 0.684248
562 0.684369
563 0.684489
564 0.684609
565 0.684729
566 0.684848
567 0.684967
568 0.685086
569 0.685204
570 0.685321
571 0.685438
572 0.685553
573 0.685669
574 0.685783
575 0.685896
576 0.686009
577 0.68612
578 0.686231
579 0.686341
580 0.686449
581 0.686556
582 0.686663
583 0.686768
584 0.686872
585 0.686975
586 0.687076
587 0.687177
588 0.687276
589 0.687374
590 0.687471
591 0.687566
592 0.68766
593 0.687752
594 0.687844
595 0.687933
596 0.688022
597 0.688109
598 0.688194
599 0.688278
600 0.68836
601 0.688441
602 0.68852
603 0.688598
604 0.688675
605 0.688749
606 0.688823
607 0.688895
608 0.688966
609 0.689035
610 0.689104
611 0.689171
612 0.689237
613 0.689302
614 0.689366
615 0.68943
616 0.689492
617 0.689554
618 0.689616
619 0.689677
620 0.689739
621 0.6898
622 0.689861
623 0.689923
624 0.689986
625 0.690049
626 0.690113
627 0.690178
628 0.690244
629 0.690312
630 0.690382
631 0.690453
632 0.690527
633 0.690603
634 0.690681
635 0.690763
636 0.690847
637 0.690934
638 0.691025
639 0.691119
640 0.691217
641 0.691319
642 0.691425
643 0.691535
644 0.69165
645 0.691769
646 0.691893
647 0.692022
648 0.692156
649 0.692294
650 0.692438
651 0.692586
652 0.69274
653 0.692898
654 0.693062
655 0.693231
656 0.693405
657 0.693584
658 0.693767
659 0.693956
660 0.69415
661 0.694348
662 0.694551
663 0.694758
664 0.69497
665 0.695186
666 0.695407
667 0.695632
668 0.69586
669 0.696092
670 0.696328
671 0.696568
672 0.69681
673 0.697056
674 0.697306
675 0.697558
676 0.697813
677 0.698071
678 0.698332
679 0.698595
680 0.698861
681 0.69913
682 0.6994
683 0.699674
684 0.699949
685 0.700226
686 0.700505
687 0.700786
688 0.701069
689 0.701353
690 0.701639
691 0.701926
692 0.702215
693 0.702505
694 0.702796
695 0.703087
696 0.70338
697 0.703673
698 0.703967
699 0.70426
700 0.704553
701 0.704847
702 0.705139
703 0.705432
704 0.705724
705 0.706016
706 0.706307
707 0.706599
708 0.706891
709 0.707184
710 0.707477
711 0.70777
712 0.708064
713 0.708359
714 0.708654
715 0.70895
716 0.709246
717 0.709543
718 0.709838
719 0.710134
720 0.710428
721 0.710722
722 0.711014
723 0.711305
724 0.711594
725 0.711881
726 0.712166
727 0.712449
728 0.712729
729 0.713006
730 0.713281
731 0.713552
732 0.71382
733 0.714085
734 0.714345
735 0.714602
736 0.714856
737 0.715105
738 0.71535
739 0.715591
740 0.715828
741 0.716061
742 0.716289
743 0.716514
744 0.716734
745 0.71695
746 0.717162
747 0.71737
748 0.717574
749 0.717774
750 0.717971
751 0.718165
752 0.718355
753 0.718541
754 0.718725
755 0.718906
756 0.719084
757 0.71926
758 0.719433
759 0.719604
760 0.719772
761 0.719939
762 0.720103
763 0.720266
764 0.720426
765 0.720585
766 0.720742
767 0.720898
768 0.721051
769 0.721203
770 0.721354
771 0.721503
772 0.72165
773 0.721796
774 0.72194
775 0.722083
776 0.722224
777 0.722364
778 0.722502
779 0.722639
780 0.722774
781 0.722907
782 0.723039
783 0.723169
784 0.723298
785 0.723426
786 0.723552
787 0.723676
788 0.723799
789 0.72392
790 0.724039
791 0.724157
792 0.724273
793 0.724388
794 0.724501
795 0.724613
796 0.724723
797 0.724831
798 0.724937
799 0.725042
800 0.725145
801 0.725246
802 0.725345
803 0.725443
804 0.725538
805 0.725632
806 0.725723
807 0.725813
808 0.725901
809 0.725986
810 0.72607
811 0.726151
812 0.72623
813 0.726307
814 0.726382
815 0.726455
816 0.726526
817 0.726594
818 0.72666
819 0.726724
820 0.726785
821 0.726844
822 0.726901
823 0.726955
824 0.727006
825 0.727055
826 0.727101
827 0.727145
828 0.727187
829 0.727226
830 0.727262
831 0.727296
832 0.727327
833 0.727356
834 0.727382
835 0.727405
836 0.727426
837 0.727444
838 0.72746
839 0.727472
840 0.727482
841 0.72749
842 0.727494
843 0.727495
844 0.727494
845 0.72749
846 0.727482
847 0.727472
848 0.727459
849 0.727442
850 0.727423
851 0.727401
852 0.727376
853 0.727348
854 0.727317
855 0.727283
856 0.727246
857 0.727207
858 0.727164
859 0.727119
860 0.727071
861 0.727021
862 0.726967
863 0.726911
864 0.726853
865 0.726792
866 0.726729
867 0.726663
868 0.726594
869 0.726522
870 0.726448
871 0.726371
872 0.726292
873 0.726211
874 0.726127
875 0.726041
876 0.725952
877 0.725861
878 0.725768
879 0.725672
880 0.725574
881 0.725475
882 0.725373
883 0.72527
884 0.725166
885 0.72506
886 0.724954
887 0.724847
888 0.724739
889 0.72463
890 0.724522
891 0.724413
892 0.724306
893 0.724199
894 0.724093
895 0.723989
896 0.723887
897 0.723787
898 0.72369
899 0.723595
900 0.723504
901 0.723416
902 0.723331
903 0.723251
904 0.723175
905 0.723103
906 0.723036
907 0.722974
908 0.722917
909 0.722865
910 0.722818
911 0.722777
912 0.722741
913 0.72271
914 0.722685
915 0.722665
916 0.722651
917 0.722642
918 0.722638
919 0.72264
920 0.722647
921 0.722659
922 0.722677
923 0.7227
924 0.722728
925 0.722761
926 0.7228
927 0.722843
928 0.722891
929 0.722944
930 0.723001
931 0.723063
932 0.723129
933 0.723199
934 0.723274
935 0.723352
936 0.723435
937 0.723521
938 0.723611
939 0.723704
940 0.723801
941 0.723901
942 0.724004
943 0.72411
944 0.724219
945 0.724331
946 0.724446
947 0.724563
948 0.724683
949 0.724806
950 0.72493
951 0.725058
952 0.725187
953 0.725318
954 0.725452
955 0.725587
956 0.725724
957 0.725863
958 0.726004
959 0.726146
960 0.72629
961 0.726435
962 0.726581
963 0.726729
964 0.726878
965 0.727028
966 0.72718
967 0.727333
968 0.727487
969 0.727642
970 0.727799
971 0.727956
972 0.728115
973 0.728275
974 0.728436
975 0.728599
976 0.728762
977 0.728927
978 0.729093
979 0.72926
980 0.729428
981 0.729597
982 0.729768
983 0.72994
984 0.730113
985 0.730287
986 0.730463
987 0.73064
988 0.730818
989 0.730997
990 0.731178
991 0.73136
992 0.731543
993 0.731728
994 0.731914
995 0.732101
996 0.73229
997 0.73248
998 0.732671
999 0.732863
1000 0.733057
