1 0.684286
2 0.684165
3 0.684044
4 0.683923
5 0.683802
6 0.683683
7 0.683564
8 0.683446
9 0.683329
10 0.683213
11 0.683099
12 0.682988
13 0.682879
14 0.682774
15 0.682672
16 0.682575
17 0.682484
18 0.6824
19 0.682324
20 0.682256
21 0.682199
22 0.682153
23 0.68212
24 0.682103
25 0.682103
26 0.682122
27 0.682162
28 0.682224
29 0.68231
30 0.682421
31 0.682557
32 0.68272
33 0.682909
34 0.683125
35 0.683366
36 0.683632
37 0.683921
38 0.684232
39 0.684564
40 0.684915
41 0.685286
42 0.685674
43 0.686079
44 0.6865
45 0.686935
46 0.687382
47 0.687841
48 0.688311
49 0.688791
50 0.68928
51 0.689775
52 0.690276
53 0.690781
54 0.691291
55 0.691803
56 0.692316
57 0.692829
58 0.693341
59 0.693852
60 0.69436
61 0.694865
62 0.695364
63 0.695857
64 0.696344
65 0.696823
66 0.697296
67 0.697761
68 0.69822
69 0.698672
70 0.699117
71 0.699556
72 0.699991
73 0.700421
74 0.700848
75 0.701274
76 0.7017
77 0.702126
78 0.702555
79 0.702985
80 0.703419
81 0.703859
82 0.704304
83 0.704756
84 0.705216
85 0.705685
86 0.706163
87 0.706653
88 0.707154
89 0.707666
90 0.70819
91 0.708726
92 0.709276
93 0.709839
94 0.710416
95 0.711007
96 0.711611
97 0.712229
98 0.712859
99 0.713502
100 0.714156
101 0.714823
102 0.715501
103 0.716191
104 0.71689
105 0.7176
106 0.718319
107 0.719047
108 0.719782
109 0.720525
110 0.721276
111 0.722033
112 0.722795
113 0.723562
114 0.724334
115 0.72511
116 0.72589
117 0.726673
118 0.727459
119 0.728247
120 0.729038
121 0.72983
122 0.730624
123 0.731418
124 0.732214
125 0.73301
126 0.733807
127 0.734604
128 0.735402
129 0.736201
130 0.736998
131 0.737796
132 0.738595
133 0.739394
134 0.740194
135 0.740994
136 0.741796
137 0.742598
138 0.743402
139 0.744207
140 0.745012
141 0.745818
142 0.746625
143 0.747433
144 0.748241
145 0.749051
146 0.749861
147 0.750672
148 0.751485
149 0.752299
150 0.753114
151 0.753931
152 0.75475
153 0.75557
154 0.756393
155 0.757217
156 0.758042
157 0.758869
158 0.759697
159 0.760527
160 0.761358
161 0.76219
162 0.763024
163 0.76386
164 0.764696
165 0.765534
166 0.766373
167 0.767213
168 0.768055
169 0.768897
170 0.76974
171 0.770584
172 0.771431
173 0.772279
174 0.77313
175 0.773984
176 0.774841
177 0.775702
178 0.776567
179 0.777436
180 0.77831
181 0.779188
182 0.780073
183 0.780962
184 0.781857
185 0.782758
186 0.783664
187 0.784576
188 0.785493
189 0.786416
190 0.787344
191 0.788277
192 0.789215
193 0.790157
194 0.791104
195 0.792056
196 0.793012
197 0.793972
198 0.794936
199 0.795904
200 0.796876
201 0.797851
202 0.798829
203 0.79981
204 0.800794
205 0.80178
206 0.802768
207 0.803759
208 0.804751
209 0.805744
210 0.806738
211 0.807732
212 0.808726
213 0.809719
214 0.810712
215 0.811703
216 0.812692
217 0.81368
218 0.814665
219 0.815646
220 0.816624
221 0.817599
222 0.818568
223 0.819533
224 0.820494
225 0.821449
226 0.822398
227 0.823342
228 0.824279
229 0.825211
230 0.826136
231 0.827055
232 0.827967
233 0.828872
234 0.829771
235 0.830662
236 0.831546
237 0.832423
238 0.833293
239 0.834154
240 0.835008
241 0.835854
242 0.836691
243 0.837521
244 0.838341
245 0.839153
246 0.839956
247 0.84075
248 0.841535
249 0.842311
250 0.843077
251 0.843834
252 0.844581
253 0.845319
254 0.846048
255 0.846767
256 0.847476
257 0.848176
258 0.848867
259 0.849548
260 0.850221
261 0.850884
262 0.851538
263 0.852184
264 0.852821
265 0.853449
266 0.854069
267 0.85468
268 0.855284
269 0.855879
270 0.856466
271 0.857045
272 0.857616
273 0.858179
274 0.858735
275 0.859283
276 0.859824
277 0.860357
278 0.860883
279 0.861402
280 0.861914
281 0.862419
282 0.862917
283 0.863409
284 0.863894
285 0.864373
286 0.864845
287 0.865311
288 0.865771
289 0.866224
290 0.866672
291 0.867114
292 0.867551
293 0.867982
294 0.868408
295 0.868828
296 0.869244
297 0.869654
298 0.870059
299 0.870459
300 0.870855
301 0.871246
302 0.871632
303 0.872013
304 0.87239
305 0.872762
306 0.87313
307 0.873492
308 0.873851
309 0.874204
310 0.874554
311 0.874899
312 0.875239
313 0.875574
314 0.875906
315 0.876232
316 0.876554
317 0.876872
318 0.877186
319 0.877495
320 0.877799
321 0.8781
322 0.878395
323 0.878687
324 0.878974
325 0.879257
326 0.879536
327 0.87981
328 0.88008
329 0.880346
330 0.880608
331 0.880866
332 0.88112
333 0.881369
334 0.881615
335 0.881856
336 0.882094
337 0.882328
338 0.882558
339 0.882785
340 0.883008
341 0.883227
342 0.883442
343 0.883654
344 0.883863
345 0.884068
346 0.884269
347 0.884468
348 0.884663
349 0.884855
350 0.885044
351 0.885229
352 0.885412
353 0.885592
354 0.885768
355 0.885941
356 0.886112
357 0.886279
358 0.886444
359 0.886605
360 0.886764
361 0.886919
362 0.887072
363 0.887222
364 0.887369
365 0.887513
366 0.887654
367 0.887792
368 0.887927
369 0.88806
370 0.888189
371 0.888316
372 0.888439
373 0.88856
374 0.888677
375 0.888791
376 0.888903
377 0.88901
378 0.889115
379 0.889216
380 0.889314
381 0.889408
382 0.889499
383 0.889587
384 0.88967
385 0.88975
386 0.889826
387 0.889898
388 0.889967
389 0.890031
390 0.890091
391 0.890147
392 0.890199
393 0.890246
394 0.890289
395 0.890327
396 0.890361
397 0.89039
398 0.890414
399 0.890434
400 0.890448
401 0.890458
402 0.890462
403 0.890462
404 0.890457
405 0.890446
406 0.89043
407 0.890408
408 0.890381
409 0.890349
410 0.890311
411 0.890268
412 0.890218
413 0.890163
414 0.890102
415 0.890036
416 0.889963
417 0.889884
418 0.889799
419 0.889707
420 0.88961
421 0.889506
422 0.889396
423 0.88928
424 0.889157
425 0.889027
426 0.888892
427 0.88875
428 0.888601
429 0.888446
430 0.888284
431 0.888116
432 0.887942
433 0.887761
434 0.887574
435 0.887381
436 0.887182
437 0.886976
438 0.886764
439 0.886547
440 0.886324
441 0.886095
442 0.88586
443 0.885621
444 0.885376
445 0.885126
446 0.884872
447 0.884612
448 0.884349
449 0.88408
450 0.883808
451 0.883532
452 0.883251
453 0.882967
454 0.88268
455 0.882389
456 0.882095
457 0.881798
458 0.881499
459 0.881197
460 0.880892
461 0.880586
462 0.880277
463 0.879967
464 0.879655
465 0.879341
466 0.879026
467 0.878709
468 0.878391
469 0.878072
470 0.877753
471 0.877432
472 0.877111
473 0.87679
474 0.876468
475 0.876146
476 0.875824
477 0.875502
478 0.875181
479 0.87486
480 0.874539
481 0.874219
482 0.8739
483 0.873581
484 0.873263
485 0.872946
486 0.87263
487 0.872316
488 0.872002
489 0.871689
490 0.871378
491 0.871068
492 0.870758
493 0.87045
494 0.870143
495 0.869837
496 0.869533
497 0.86923
498 0.868928
499 0.868628
500 0.868328
501 0.868031
502 0.867734
503 0.867439
504 0.867145
505 0.866852
506 0.86656
507 0.86627
508 0.86598
509 0.865691
510 0.865402
511 0.865113
512 0.864823
513 0.864534
514 0.864243
515 0.863953
516 0.863662
517 0.86337
518 0.863078
519 0.862785
520 0.862491
521 0.862197
522 0.861902
523 0.861607
524 0.861312
525 0.861016
526 0.86072
527 0.860423
528 0.860126
529 0.859829
530 0.859533
531 0.859236
532 0.85894
533 0.858643
534 0.858348
535 0.858053
536 0.857759
537 0.857465
538 0.857172
539 0.85688
540 0.856588
541 0.856298
542 0.85601
543 0.855723
544 0.855438
545 0.855156
546 0.854875
547 0.854598
548 0.854323
549 0.854051
550 0.853781
551 0.853515
552 0.853253
553 0.852993
554 0.852737
555 0.852484
556 0.852234
557 0.851988
558 0.851745
559 0.851505
560 0.851268
561 0.851034
562 0.850802
563 0.850573
564 0.850346
565 0.85012
566 0.849896
567 0.849673
568 0.849451
569 0.84923
570 0.849008
571 0.848786
572 0.848564
573 0.84834
574 0.848116
575 0.847889
576 0.847662
577 0.847432
578 0.8472
579 0.846966
580 0.846729
581 0.84649
582 0.846249
583 0.846005
584 0.845759
585 0.84551
586 0.84526
587 0.845007
588 0.844751
589 0.844494
590 0.844234
591 0.843972
592 0.843708
593 0.843441
594 0.843173
595 0.842903
596 0.842632
597 0.842359
598 0.842084
599 0.841809
600 0.841532
601 0.841254
602 0.840975
603 0.840695
604 0.840414
605 0.840132
606 0.839848
607 0.839563
608 0.839276
609 0.838988
610 0.838699
611 0.838409
612 0.838117
613 0.837825
614 0.837531
615 0.837237
616 0.836941
617 0.836644
618 0.836347
619 0.836048
620 0.835747
621 0.835446
622 0.835142
623 0.834837
624 0.83453
625 0.83422
626 0.833908
627 0.833592
628 0.833272
629 0.832948
630 0.83262
631 0.832287
632 0.831948
633 0.831604
634 0.831253
635 0.830896
636 0.830532
637 0.830162
638 0.829784
639 0.829398
640 0.829005
641 0.828604
642 0.828197
643 0.827782
644 0.827361
645 0.826934
646 0.826502
647 0.826066
648 0.825627
649 0.825185
650 0.824742
651 0.824297
652 0.823853
653 0.82341
654 0.822968
655 0.822528
656 0.822092
657 0.82166
658 0.821232
659 0.820809
660 0.820391
661 0.81998
662 0.819575
663 0.819177
664 0.818787
665 0.818404
666 0.81803
667 0.817664
668 0.817308
669 0.816962
670 0.816625
671 0.816298
672 0.815982
673 0.815676
674 0.815382
675 0.8151
676 0.814829
677 0.81457
678 0.814324
679 0.81409
680 0.813869
681 0.81366
682 0.813464
683 0.81328
684 0.813109
685 0.812951
686 0.812805
687 0.812671
688 0.812549
689 0.812439
690 0.81234
691 0.812253
692 0.812177
693 0.812112
694 0.812057
695 0.812012
696 0.811976
697 0.811949
698 0.811932
699 0.811923
700 0.811923
701 0.811931
702 0.811947
703 0.81197
704 0.812001
705 0.812039
706 0.812084
707 0.812135
708 0.812193
709 0.812258
710 0.812329
711 0.812406
712 0.812489
713 0.812578
714 0.812672
715 0.812772
716 0.812877
717 0.812988
718 0.813104
719 0.813225
720 0.813351
721 0.813481
722 0.813617
723 0.813757
724 0.813902
725 0.814052
726 0.814205
727 0.814363
728 0.814526
729 0.814692
730 0.814862
731 0.815036
732 0.815215
733 0.815396
734 0.815582
735 0.815771
736 0.815964
737 0.81616
738 0.81636
739 0.816562
740 0.816768
741 0.816978
742 0.81719
743 0.817405
744 0.817622
745 0.817843
746 0.818066
747 0.818292
748 0.81852
749 0.818751
750 0.818984
751 0.81922
752 0.819458
753 0.819698
754 0.819939
755 0.820183
756 0.820429
757 0.820677
758 0.820927
759 0.821178
760 0.821431
761 0.821686
762 0.821942
763 0.8222
764 0.82246
765 0.822721
766 0.822984
767 0.823247
768 0.823513
769 0.823779
770 0.824047
771 0.824316
772 0.824586
773 0.824858
774 0.82513
775 0.825404
776 0.825678
777 0.825954
778 0.826231
779 0.826508
780 0.826787
781 0.827066
782 0.827346
783 0.827627
784 0.827909
785 0.828191
786 0.828474
787 0.828758
788 0.829042
789 0.829327
790 0.829613
791 0.829899
792 0.830185
793 0.830473
794 0.83076
795 0.831048
796 0.831337
797 0.831626
798 0.831915
799 0.832204
800 0.832494
801 0.832785
802 0.833075
803 0.833366
804 0.833657
805 0.833949
806 0.83424
807 0.834532
808 0.834824
809 0.835117
810 0.835409
811 0.835702
812 0.835995
813 0.836288
814 0.836581
815 0.836875
816 0.837168
817 0.837462
818 0.837755
819 0.838049
820 0.838343
821 0.838637
822 0.838931
823 0.839226
824 0.83952
825 0.839814
826 0.840109
827 0.840403
828 0.840698
829 0.840992
830 0.841287
831 0.841581
832 0.841876
833 0.84217
834 0.842465
835 0.84276
836 0.843054
837 0.843349
838 0.843643
839 0.843938
840 0.844233
841 0.844527
842 0.844822
843 0.845116
844 0.845411
845 0.845705
846 0.845999
847 0.846294
848 0.846588
849 0.846882
850 0.847176
851 0.84747
852 0.847764
853 0.848058
854 0.848352
855 0.848646
856 0.848939
857 0.849233
858 0.849526
859 0.84982
860 0.850113
861 0.850406
862 0.850699
863 0.850992
864 0.851285
865 0.851577
866 0.85187
867 0.852162
868 0.852454
869 0.852746
870 0.853038
871 0.853329
872 0.853621
873 0.853912
874 0.854203
875 0.854493
876 0.854784
877 0.855074
878 0.855364
879 0.855654
880 0.855944
881 0.856233
882 0.856522
883 0.856811
884 0.8571
885 0.857388
886 0.857676
887 0.857964
888 0.858251
889 0.858538
890 0.858825
891 0.859111
892 0.859397
893 0.859683
894 0.859968
895 0.860253
896 0.860537
897 0.860822
898 0.861105
899 0.861389
900 0.861671
901 0.861954
902 0.862236
903 0.862517
904 0.862798
905 0.863079
906 0.863359
907 0.863639
908 0.863918
909 0.864196
910 0.864474
911 0.864752
912 0.865029
913 0.865305
914 0.865581
915 0.865856
916 0.86613
917 0.866404
918 0.866677
919 0.86695
920 0.867221
921 0.867493
922 0.867763
923 0.868032
924 0.868301
925 0.868569
926 0.868836
927 0.869103
928 0.869368
929 0.869633
930 0.869897
931 0.870159
932 0.870421
933 0.870682
934 0.870942
935 0.871201
936 0.871459
937 0.871716
938 0.871971
939 0.872226
940 0.87248
941 0.872732
942 0.872983
943 0.873234
944 0.873482
945 0.87373
946 0.873977
947 0.874222
948 0.874465
949 0.874708
950 0.874949
951 0.875189
952 0.875427
953 0.875664
954 0.8759
955 0.876134
956 0.876366
957 0.876598
958 0.876827
959 0.877056
960 0.877282
961 0.877507
962 0.877731
963 0.877953
964 0.878173
965 0.878392
966 0.878609
967 0.878825
968 0.879039
969 0.879251
970 0.879462
971 0.879671
972 0.879878
973 0.880084
974 0.880288
975 0.880491
976 0.880692
977 0.880891
978 0.881089
979 0.881284
980 0.881479
981 0.881671
982 0.881862
983 0.882051
984 0.882239
985 0.882425
986 0.88261
987 0.882793
988 0.882974
989 0.883154
990 0.883332
991 0.883509
992 0.883684
993 0.883858
994 0.88403
995 0.884201
996 0.884371
997 0.884539
998 0.884706
999 0.884872
1000 0.885037
