1 0.664191
2 0.662266
3 0.660877
4 0.659825
5 0.659005
6 0.658365
7 0.657863
8 0.65743
9 0.657048
10 0.656696
11 0.656348
12 0.655998
13 0.655639
14 0.655241
15 0.654781
16 0.654243
17 0.653608
18 0.652873
19 0.652027
20 0.651081
21 0.650031
22 0.648874
23 0.647614
24 0.646253
25 0.644794
26 0.64324
27 0.641595
28 0.639871
29 0.638086
30 0.636235
31 0.634332
32 0.632387
33 0.630411
34 0.628416
35 0.62641
36 0.624394
37 0.62239
38 0.620413
39 0.618479
40 0.616596
41 0.614779
42 0.61303
43 0.611356
44 0.609762
45 0.60825
46 0.60682
47 0.605474
48 0.60422
49 0.603057
50 0.601986
51 0.601004
52 0.600117
53 0.599319
54 0.598606
55 0.597966
56 0.597404
57 0.596917
58 0.596495
59 0.596133
60 0.595813
61 0.595517
62 0.595238
63 0.594961
64 0.594684
65 0.594383
66 0.594049
67 0.59367
68 0.593233
69 0.59275
70 0.592226
71 0.591679
72 0.591121
73 0.590547
74 0.589956
75 0.58936
76 0.588768
77 0.588182
78 0.587614
79 0.587067
80 0.586538
81 0.58603
82 0.585543
83 0.585082
84 0.584642
85 0.584219
86 0.583817
87 0.583438
88 0.583073
89 0.582725
90 0.582395
91 0.582081
92 0.581783
93 0.581504
94 0.581241
95 0.580992
96 0.580759
97 0.580537
98 0.580324
99 0.580122
100 0.579931
101 0.579749
102 0.57957
103 0.579397
104 0.579234
105 0.579082
106 0.578944
107 0.578824
108 0.57872
109 0.578632
110 0.578561
111 0.578509
112 0.578469
113 0.578437
114 0.578421
115 0.578424
116 0.578449
117 0.578496
118 0.578569
119 0.578671
120 0.578808
121 0.57899
122 0.579229
123 0.57953
124 0.579902
125 0.580355
126 0.580893
127 0.58151
128 0.582186
129 0.582896
130 0.583613
131 0.584305
132 0.584927
133 0.585439
134 0.585806
135 0.586013
136 0.586056
137 0.585946
138 0.58571
139 0.585371
140 0.584956
141 0.584488
142 0.583989
143 0.583472
144 0.582952
145 0.582439
146 0.581935
147 0.581448
148 0.58098
149 0.580533
150 0.580105
151 0.579698
152 0.579314
153 0.578949
154 0.578602
155 0.578273
156 0.577962
157 0.577666
158 0.577386
159 0.57712
160 0.576868
161 0.576628
162 0.5764
163 0.576183
164 0.575979
165 0.575785
166 0.575602
167 0.575429
168 0.575267
169 0.575115
170 0.574972
171 0.574837
172 0.574712
173 0.574595
174 0.574485
175 0.574381
176 0.574284
177 0.574192
178 0.574107
179 0.574029
180 0.573955
181 0.573887
182 0.573824
183 0.573765
184 0.573711
185 0.57366
186 0.573614
187 0.573572
188 0.573533
189 0.573496
190 0.573463
191 0.573432
192 0.573404
193 0.573378
194 0.573354
195 0.573332
196 0.573312
197 0.573293
198 0.573275
199 0.573259
200 0.573244
201 0.573231
202 0.573218
203 0.573206
204 0.573196
205 0.573185
206 0.573176
207 0.573166
208 0.573158
209 0.57315
210 0.573144
211 0.573137
212 0.573131
213 0.573126
214 0.57312
215 0.573115
216 0.57311
217 0.573105
218 0.573101
219 0.573097
220 0.573093
221 0.573089
222 0.573086
223 0.573082
224 0.573079
225 0.573076
226 0.573073
227 0.573071
228 0.573068
229 0.573066
230 0.573064
231 0.573062
232 0.57306
233 0.573058
234 0.573056
235 0.573054
236 0.573052
237 0.573051
238 0.573049
239 0.573048
240 0.573047
241 0.573046
242 0.573045
243 0.573044
244 0.573043
245 0.573042
246 0.573041
247 0.57304
248 0.57304
249 0.573039
250 0.573038
251 0.573038
252 0.573037
253 0.573036
254 0.573036
255 0.573035
256 0.573035
257 0.573034
258 0.573034
259 0.573034
260 0.573034
261 0.573033
262 0.573033
263 0.573033
264 0.573032
265 0.573032
266 0.573032
267 0.573032
268 0.573031
269 0.573031
270 0.573031
271 0.57303
272 0.57303
273 0.57303
274 0.573029
275 0.573029
276 0.573029
277 0.573028
278 0.573027
279 0.573027
280 0.573026
281 0.573026
282 0.573025
283 0.573024
284 0.573023
285 0.573023
286 0.573022
287 0.573021
288 0.573021
289 0.57302
290 0.573019
291 0.573018
292 0.573018
293 0.573017
294 0.573016
295 0.573016
296 0.573015
297 0.573015
298 0.573014
299 0.573013
300 0.573013
301 0.573012
302 0.573012
303 0.573011
304 0.573011
305 0.573011
306 0.573011
307 0.573011
308 0.573011
309 0.573011
310 0.573011
311 0.573011
312 0.573011
313 0.573011
314 0.573011
315 0.573012
316 0.573012
317 0.573012
318 0.573013
319 0.573013
320 0.573013
321 0.573014
322 0.573015
323 0.573015
324 0.573016
325 0.573017
326 0.573018
327 0.573019
328 0.573021
329 0.573022
330 0.573023
331 0.573025
332 0.573026
333 0.573028
334 0.57303
335 0.573032
336 0.573034
337 0.573036
338 0.573038
339 0.57304
340 0.573043
341 0.573045
342 0.573048
343 0.573051
344 0.573054
345 0.573057
346 0.57306
347 0.573064
348 0.573067
349 0.573071
350 0.573075
351 0.573079
352 0.573083
353 0.573087
354 0.573091
355 0.573096
356 0.5731
357 0.573104
358 0.573108
359 0.573112
360 0.573117
361 0.573121
362 0.573125
363 0.573129
364 0.573133
365 0.573137
366 0.57314
367 0.573143
368 0.573147
369 0.573149
370 0.573152
371 0.573154
372 0.573155
373 0.573156
374 0.573157
375 0.573157
376 0.573157
377 0.573156
378 0.573155
379 0.573153
380 0.57315
381 0.573147
382 0.573144
383 0.573141
384 0.573137
385 0.573132
386 0.573128
387 0.573123
388 0.573118
389 0.573113
390 0.573108
391 0.573103
392 0.573097
393 0.573092
394 0.573086
395 0.573081
396 0.573075
397 0.57307
398 0.573064
399 0.573059
400 0.573054
401 0.573049
402 0.573044
403 0.573039
404 0.573034
405 0.573029
406 0.573025
407 0.57302
408 0.573016
409 0.573012
410 0.573008
411 0.573005
412 0.573001
413 0.572998
414 0.572994
415 0.572991
416 0.572988
417 0.572985
418 0.572982
419 0.572979
420 0.572977
421 0.572974
422 0.572972
423 0.57297
424 0.572968
425 0.572966
426 0.572964
427 0.572962
428 0.572961
429 0.572959
430 0.572958
431 0.572957
432 0.572955
433 0.572954
434 0.572953
435 0.572952
436 0.572951
437 0.572951
438 0.57295
439 0.57295
440 0.572949
441 0.572949
442 0.572949
443 0.572948
444 0.572948
445 0.572948
446 0.572948
447 0.572948
448 0.572948
449 0.572948
450 0.572948
451 0.572948
452 0.572949
453 0.572949
454 0.572949
455 0.572949
456 0.57295
457 0.57295
458 0.57295
459 0.57295
460 0.572951
461 0.572951
462 0.572951
463 0.572952
464 0.572952
465 0.572952
466 0.572953
467 0.572953
468 0.572954
469 0.572954
470 0.572955
471 0.572955
472 0.572956
473 0.572956
474 0.572957
475 0.572957
476 0.572958
477 0.572958
478 0.572958
479 0.572959
480 0.572959
481 0.57296
482 0.57296
483 0.572961
484 0.572961
485 0.572962
486 0.572962
487 0.572963
488 0.572963
489 0.572964
490 0.572964
491 0.572965
492 0.572965
493 0.572966
494 0.572966
495 0.572967
496 0.572967
497 0.572967
498 0.572968
499 0.572968
500 0.572969
501 0.572969
502 0.572969
503 0.57297
504 0.57297
505 0.57297
506 0.572971
507 0.572971
508 0.572971
509 0.572972
510 0.572972
511 0.572972
512 0.572973
513 0.572973
514 0.572973
515 0.572973
516 0.572973
517 0.572973
518 0.572973
519 0.572973
520 0.572973
521 0.572973
522 0.572973
523 0.572974
524 0.572974
525 0.572974
526 0.572974
527 0.572974
528 0.572973
529 0.572973
530 0.572973
531 0.572973
532 0.572973
533 0.572973
534 0.572973
535 0.572973
536 0.572973
537 0.572973
538 0.572973
539 0.572973
540 0.572973
541 0.572973
542 0.572973
543 0.572973
544 0.572973
545 0.572973
546 0.572973
547 0.572972
548 0.572972
549 0.572972
550 0.572972
551 0.572972
552 0.572972
553 0.572972
554 0.572972
555 0.572972
556 0.572972
557 0.572973
558 0.572973
559 0.572973
560 0.572973
561 0.572973
562 0.572974
563 0.572974
564 0.572974
565 0.572974
566 0.572974
567 0.572974
568 0.572974
569 0.572974
570 0.572974
571 0.572974
572 0.572975
573 0.572975
574 0.572975
575 0.572975
576 0.572975
577 0.572976
578 0.572976
579 0.572976
580 0.572976
581 0.572977
582 0.572977
583 0.572977
584 0.572977
585 0.572978
586 0.572978
587 0.572978
588 0.572979
589 0.572979
590 0.572979
591 0.57298
592 0.57298
593 0.572981
594 0.572982
595 0.572982
596 0.572983
597 0.572984
598 0.572985
599 0.572986
600 0.572986
601 0.572987
602 0.572988
603 0.572989
604 0.57299
605 0.572991
606 0.572992
607 0.572993
608 0.572994
609 0.572995
610 0.572996
611 0.572997
612 0.572998
613 0.572999
614 0.573
615 0.573001
616 0.573002
617 0.573003
618 0.573004
619 0.573005
620 0.573007
621 0.573008
622 0.573009
623 0.573011
624 0.573012
625 0.573014
626 0.573015
627 0.573017
628 0.573019
629 0.57302
630 0.573022
631 0.573024
632 0.573026
633 0.573028
634 0.57303
635 0.573032
636 0.573033
637 0.573035
638 0.573037
639 0.573039
640 0.573041
641 0.573043
642 0.573045
643 0.573047
644 0.57305
645 0.573052
646 0.573054
647 0.573056
648 0.573059
649 0.573061
650 0.573063
651 0.573066
652 0.573068
653 0.57307
654 0.573073
655 0.573075
656 0.573078
657 0.57308
658 0.573082
659 0.573085
660 0.573087
661 0.57309
662 0.573092
663 0.573094
664 0.573097
665 0.573099
666 0.573102
667 0.573104
668 0.573107
669 0.573109
670 0.573111
671 0.573114
672 0.573116
673 0.573118
674 0.573121
675 0.573123
676 0.573125
677 0.573127
678 0.573129
679 0.573132
680 0.573134
681 0.573136
682 0.573138
683 0.57314
684 0.573142
685 0.573144
686 0.573146
687 0.573148
688 0.573149
689 0.573151
690 0.573153
691 0.573154
692 0.573155
693 0.573157
694 0.573158
695 0.573159
696 0.57316
697 0.573161
698 0.573162
699 0.573163
700 0.573164
701 0.573164
702 0.573165
703 0.573166
704 0.573166
705 0.573167
706 0.573167
707 0.573167
708 0.573168
709 0.573168
710 0.573168
711 0.573169
712 0.573169
713 0.573169
714 0.573169
715 0.57317
716 0.57317
717 0.57317
718 0.57317
719 0.57317
720 0.57317
721 0.57317
722 0.57317
723 0.573171
724 0.573171
725 0.573171
726 0.57317
727 0.57317
728 0.57317
729 0.57317
730 0.57317
731 0.57317
732 0.57317
733 0.57317
734 0.573169
735 0.573169
736 0.573168
737 0.573168
738 0.573168
739 0.573167
740 0.573167
741 0.573166
742 0.573166
743 0.573165
744 0.573165
745 0.573164
746 0.573164
747 0.573164
748 0.573163
749 0.573163
750 0.573162
751 0.573162
752 0.573162
753 0.573161
754 0.573161
755 0.573161
756 0.57316
757 0.57316
758 0.57316
759 0.57316
760 0.573159
761 0.573159
762 0.573159
763 0.573159
764 0.573158
765 0.573158
766 0.573158
767 0.573158
768 0.573158
769 0.573158
770 0.573158
771 0.573158
772 0.573158
773 0.573158
774 0.573158
775 0.573157
776 0.573157
777 0.573157
778 0.573156
779 0.573156
780 0.573156
781 0.573156
782 0.573156
783 0.573156
784 0.573157
785 0.573157
786 0.573157
787 0.573157
788 0.573158
789 0.573158
790 0.573158
791 0.573159
792 0.57316
793 0.57316
794 0.573161
795 0.573162
796 0.573162
797 0.573163
798 0.573164
799 0.573165
800 0.573166
801 0.573167
802 0.573168
803 0.573169
804 0.573171
805 0.573172
806 0.573174
807 0.573175
808 0.573177
809 0.573178
810 0.573179
811 0.573181
812 0.573182
813 0.573183
814 0.573184
815 0.573186
816 0.573187
817 0.573188
818 0.57319
819 0.573191
820 0.573193
821 0.573195
822 0.573197
823 0.573199
824 0.573201
825 0.573203
826 0.573205
827 0.573208
828 0.57321
829 0.573213
830 0.573216
831 0.573219
832 0.573222
833 0.573225
834 0.573229
835 0.573232
836 0.573236
837 0.57324
838 0.573244
839 0.573248
840 0.573253
841 0.573257
842 0.573262
843 0.573267
844 0.573272
845 0.573278
846 0.573284
847 0.573291
848 0.573298
849 0.573305
850 0.573313
851 0.57332
852 0.573328
853 0.573336
854 0.573344
855 0.573352
856 0.573361
857 0.573371
858 0.57338
859 0.57339
860 0.5734
861 0.573411
862 0.573422
863 0.573432
864 0.573443
865 0.573455
866 0.573466
867 0.573478
868 0.57349
869 0.573502
870 0.573514
871 0.573526
872 0.573538
873 0.573551
874 0.573564
875 0.573578
876 0.573591
877 0.573605
878 0.573619
879 0.573633
880 0.573647
881 0.573661
882 0.573674
883 0.573688
884 0.573702
885 0.573716
886 0.57373
887 0.573745
888 0.57376
889 0.573774
890 0.573789
891 0.573804
892 0.573819
893 0.573833
894 0.573846
895 0.573861
896 0.573874
897 0.573887
898 0.573899
899 0.573911
900 0.573924
901 0.573935
902 0.573946
903 0.573955
904 0.573965
905 0.573974
906 0.573982
907 0.573991
908 0.573998
909 0.574004
910 0.57401
911 0.574015
912 0.57402
913 0.574024
914 0.574028
915 0.574031
916 0.574033
917 0.574035
918 0.574037
919 0.574038
920 0.574038
921 0.574038
922 0.574038
923 0.574038
924 0.574037
925 0.574036
926 0.574035
927 0.574034
928 0.574033
929 0.574032
930 0.574031
931 0.57403
932 0.574029
933 0.574029
934 0.574028
935 0.574029
936 0.57403
937 0.574031
938 0.574033
939 0.574036
940 0.574039
941 0.574043
942 0.574048
943 0.574054
944 0.574061
945 0.574069
946 0.574079
947 0.57409
948 0.574102
949 0.574116
950 0.574131
951 0.574148
952 0.574166
953 0.574184
954 0.574204
955 0.574224
956 0.574244
957 0.574265
958 0.574286
959 0.574307
960 0.574328
961 0.57435
962 0.574371
963 0.574391
964 0.574409
965 0.574426
966 0.574441
967 0.574453
968 0.574465
969 0.574475
970 0.574484
971 0.574492
972 0.574498
973 0.574503
974 0.574506
975 0.574508
976 0.574509
977 0.574509
978 0.574507
979 0.574506
980 0.574503
981 0.574501
982 0.574499
983 0.574497
984 0.574496
985 0.574495
986 0.574495
987 0.574497
988 0.574501
989 0.574505
990 0.574511
991 0.574518
992 0.574528
993 0.574539
994 0.574552
995 0.574567
996 0.574584
997 0.574603
998 0.574623
999 0.574644
1000 0.574668
