1 0.699591
2 0.698066
3 0.696561
4 0.695079
5 0.69362
6 0.692186
7 0.690778
8 0.689399
9 0.688053
10 0.686741
11 0.68547
12 0.684248
13 0.683084
14 0.681992
15 0.68098
16 0.680055
17 0.679217
18 0.678455
19 0.67776
20 0.67712
21 0.676526
22 0.675972
23 0.67545
24 0.674953
25 0.674474
26 0.674001
27 0.673528
28 0.67305
29 0.67256
30 0.672054
31 0.671524
32 0.670967
33 0.670376
34 0.669751
35 0.669088
36 0.668388
37 0.667647
38 0.666867
39 0.666047
40 0.665189
41 0.664291
42 0.663355
43 0.662383
44 0.661374
45 0.660331
46 0.659257
47 0.658154
48 0.657023
49 0.655868
50 0.654691
51 0.65349
52 0.652266
53 0.65102
54 0.649751
55 0.648462
56 0.647151
57 0.645821
58 0.644471
59 0.643102
60 0.641715
61 0.640312
62 0.638897
63 0.637473
64 0.636043
65 0.634611
66 0.633182
67 0.631761
68 0.63035
69 0.628955
70 0.627578
71 0.626224
72 0.624895
73 0.623595
74 0.622325
75 0.621085
76 0.619877
77 0.618701
78 0.617559
79 0.61645
80 0.615373
81 0.614329
82 0.613317
83 0.612339
84 0.611394
85 0.610482
86 0.609605
87 0.608761
88 0.607952
89 0.607178
90 0.606438
91 0.605732
92 0.60506
93 0.604421
94 0.603814
95 0.603239
96 0.602693
97 0.602174
98 0.60168
99 0.601209
100 0.600758
101 0.600325
102 0.599907
103 0.599502
104 0.599108
105 0.598723
106 0.598345
107 0.597972
108 0.5976
109 0.59723
110 0.596858
111 0.596485
112 0.596107
113 0.595725
114 0.595338
115 0.594945
116 0.594545
117 0.594138
118 0.593725
119 0.593304
120 0.592877
121 0.592443
122 0.592004
123 0.591558
124 0.591108
125 0.590654
126 0.590196
127 0.589736
128 0.589274
129 0.588812
130 0.588349
131 0.587887
132 0.587428
133 0.58697
134 0.586516
135 0.586066
136 0.585621
137 0.585181
138 0.584747
139 0.58432
140 0.5839
141 0.583487
142 0.583083
143 0.582687
144 0.582299
145 0.581921
146 0.581551
147 0.581192
148 0.580841
149 0.580501
150 0.580171
151 0.57985
152 0.57954
153 0.579239
154 0.578949
155 0.578669
156 0.578399
157 0.578139
158 0.577888
159 0.577648
160 0.577417
161 0.577195
162 0.576983
163 0.576779
164 0.576585
165 0.576399
166 0.576221
167 0.576052
168 0.57589
169 0.575736
170 0.57559
171 0.575451
172 0.575319
173 0.575193
174 0.575074
175 0.574961
176 0.574854
177 0.574752
178 0.574656
179 0.574565
180 0.574479
181 0.574398
182 0.574321
183 0.574248
184 0.57418
185 0.574115
186 0.574054
187 0.573996
188 0.573942
189 0.573891
190 0.573842
191 0.573797
192 0.573754
193 0.573713
194 0.573675
195 0.573639
196 0.573605
197 0.573573
198 0.573543
199 0.573515
200 0.573488
201 0.573463
202 0.573439
203 0.573417
204 0.573396
205 0.573376
206 0.573357
207 0.57334
208 0.573323
209 0.573307
210 0.573292
211 0.573278
212 0.573265
213 0.573253
214 0.573241
215 0.57323
216 0.573219
217 0.57321
218 0.5732
219 0.573191
220 0.573183
221 0.573175
222 0.573168
223 0.573161
224 0.573154
225 0.573148
226 0.573142
227 0.573136
228 0.573131
229 0.573126
230 0.573121
231 0.573116
232 0.573112
233 0.573108
234 0.573104
235 0.5731
236 0.573097
237 0.573094
238 0.573091
239 0.573088
240 0.573085
241 0.573082
242 0.57308
243 0.573077
244 0.573075
245 0.573073
246 0.573071
247 0.573069
248 0.573067
249 0.573065
250 0.573064
251 0.573062
252 0.57306
253 0.573059
254 0.573058
255 0.573056
256 0.573055
257 0.573054
258 0.573053
259 0.573052
260 0.573051
261 0.57305
262 0.573049
263 0.573048
264 0.573047
265 0.573046
266 0.573046
267 0.573045
268 0.573044
269 0.573043
270 0.573043
271 0.573042
272 0.573042
273 0.573041
274 0.573041
275 0.57304
276 0.57304
277 0.573039
278 0.573039
279 0.573038
280 0.573038
281 0.573038
282 0.573037
283 0.573037
284 0.573037
285 0.573036
286 0.573036
287 0.573036
288 0.573036
289 0.573035
290 0.573035
291 0.573035
292 0.573035
293 0.573034
294 0.573034
295 0.573034
296 0.573034
297 0.573034
298 0.573034
299 0.573034
300 0.573033
301 0.573033
302 0.573033
303 0.573033
304 0.573033
305 0.573033
306 0.573033
307 0.573033
308 0.573033
309 0.573033
310 0.573033
311 0.573032
312 0.573032
313 0.573032
314 0.573032
315 0.573032
316 0.573032
317 0.573032
318 0.573032
319 0.573032
320 0.573032
321 0.573032
322 0.573032
323 0.573032
324 0.573032
325 0.573032
326 0.573032
327 0.573032
328 0.573032
329 0.573032
330 0.573032
331 0.573032
332 0.573032
333 0.573032
334 0.573032
335 0.573032
336 0.573032
337 0.573032
338 0.573032
339 0.573032
340 0.573032
341 0.573032
342 0.573032
343 0.573032
344 0.573032
345 0.573033
346 0.573033
347 0.573033
348 0.573033
349 0.573033
350 0.573033
351 0.573033
352 0.573033
353 0.573033
354 0.573033
355 0.573033
356 0.573033
357 0.573033
358 0.573033
359 0.573033
360 0.573033
361 0.573033
362 0.573033
363 0.573034
364 0.573034
365 0.573034
366 0.573034
367 0.573034
368 0.573034
369 0.573034
370 0.573034
371 0.573034
372 0.573034
373 0.573034
374 0.573034
375 0.573034
376 0.573034
377 0.573035
378 0.573035
379 0.573035
380 0.573035
381 0.573035
382 0.573035
383 0.573035
384 0.573035
385 0.573035
386 0.573035
387 0.573035
388 0.573036
389 0.573036
390 0.573036
391 0.573036
392 0.573036
393 0.573036
394 0.573036
395 0.573036
396 0.573036
397 0.573036
398 0.573037
399 0.573037
400 0.573037
401 0.573037
402 0.573037
403 0.573037
404 0.573037
405 0.573037
406 0.573037
407 0.573038
408 0.573038
409 0.573038
410 0.573038
411 0.573038
412 0.573038
413 0.573038
414 0.573038
415 0.573038
416 0.573039
417 0.573039
418 0.573039
419 0.573039
420 0.573039
421 0.573039
422 0.573039
423 0.573039
424 0.57304
425 0.57304
426 0.57304
427 0.57304
428 0.57304
429 0.57304
430 0.57304
431 0.573041
432 0.573041
433 0.573041
434 0.573041
435 0.573041
436 0.573041
437 0.573041
438 0.573042
439 0.573042
440 0.573042
441 0.573042
442 0.573042
443 0.573042
444 0.573042
445 0.573043
446 0.573043
447 0.573043
448 0.573043
449 0.573043
450 0.573043
451 0.573043
452 0.573044
453 0.573044
454 0.573044
455 0.573044
456 0.573044
457 0.573044
458 0.573045
459 0.573045
460 0.573045
461 0.573045
462 0.573045
463 0.573045
464 0.573046
465 0.573046
466 0.573046
467 0.573046
468 0.573046
469 0.573046
470 0.573047
471 0.573047
472 0.573047
473 0.573047
474 0.573047
475 0.573047
476 0.573048
477 0.573048
478 0.573048
479 0.573048
480 0.573048
481 0.573049
482 0.573049
483 0.573049
484 0.573049
485 0.573049
486 0.57305
487 0.57305
488 0.57305
489 0.57305
490 0.57305
491 0.57305
492 0.573051
493 0.573051
494 0.573051
495 0.573051
496 0.573051
497 0.573052
498 0.573052
499 0.573052
500 0.573052
501 0.573052
502 0.573053
503 0.573053
504 0.573053
505 0.573053
506 0.573053
507 0.573054
508 0.573054
509 0.573054
510 0.573054
511 0.573055
512 0.573055
513 0.573055
514 0.573055
515 0.573055
516 0.573056
517 0.573056
518 0.573056
519 0.573056
520 0.573056
521 0.573057
522 0.573057
523 0.573057
524 0.573057
525 0.573058
526 0.573058
527 0.573058
528 0.573058
529 0.573058
530 0.573059
531 0.573059
532 0.573059
533 0.573059
534 0.57306
535 0.57306
536 0.57306
537 0.57306
538 0.573061
539 0.573061
540 0.573061
541 0.573061
542 0.573062
543 0.573062
544 0.573062
545 0.573062
546 0.573063
547 0.573063
548 0.573063
549 0.573063
550 0.573064
551 0.573064
552 0.573064
553 0.573064
554 0.573065
555 0.573065
556 0.573065
557 0.573065
558 0.573066
559 0.573066
560 0.573066
561 0.573066
562 0.573067
563 0.573067
564 0.573067
565 0.573067
566 0.573068
567 0.573068
568 0.573068
569 0.573069
570 0.573069
571 0.573069
572 0.573069
573 0.57307
574 0.57307
575 0.57307
576 0.57307
577 0.573071
578 0.573071
579 0.573071
580 0.573071
581 0.573072
582 0.573072
583 0.573072
584 0.573073
585 0.573073
586 0.573073
587 0.573073
588 0.573074
589 0.573074
590 0.573074
591 0.573075
592 0.573075
593 0.573075
594 0.573075
595 0.573076
596 0.573076
597 0.573076
598 0.573077
599 0.573077
600 0.573077
601 0.573078
602 0.573078
603 0.573078
604 0.573078
605 0.573079
606 0.573079
607 0.573079
608 0.57308
609 0.57308
610 0.57308
611 0.57308
612 0.573081
613 0.573081
614 0.573081
615 0.573082
616 0.573082
617 0.573082
618 0.573083
619 0.573083
620 0.573083
621 0.573083
622 0.573084
623 0.573084
624 0.573084
625 0.573085
626 0.573085
627 0.573085
628 0.573086
629 0.573086
630 0.573086
631 0.573087
632 0.573087
633 0.573087
634 0.573088
635 0.573088
636 0.573088
637 0.573089
638 0.573089
639 0.573089
640 0.57309
641 0.57309
642 0.57309
643 0.573091
644 0.573091
645 0.573091
646 0.573092
647 0.573092
648 0.573092
649 0.573093
650 0.573093
651 0.573093
652 0.573094
653 0.573094
654 0.573094
655 0.573095
656 0.573095
657 0.573096
658 0.573096
659 0.573096
660 0.573097
661 0.573097
662 0.573097
663 0.573098
664 0.573098
665 0.573099
666 0.573099
667 0.573099
668 0.5731
669 0.5731
670 0.573101
671 0.573101
672 0.573101
673 0.573102
674 0.573102
675 0.573103
676 0.573103
677 0.573104
678 0.573104
679 0.573104
680 0.573105
681 0.573105
682 0.573106
683 0.573106
684 0.573107
685 0.573107
686 0.573107
687 0.573108
688 0.573108
689 0.573109
690 0.573109
691 0.57311
692 0.57311
693 0.57311
694 0.573111
695 0.573111
696 0.573112
697 0.573112
698 0.573113
699 0.573113
700 0.573114
701 0.573114
702 0.573115
703 0.573115
704 0.573115
705 0.573116
706 0.573116
707 0.573117
708 0.573117
709 0.573118
710 0.573118
711 0.573119
712 0.573119
713 0.57312
714 0.57312
715 0.573121
716 0.573121
717 0.573122
718 0.573122
719 0.573123
720 0.573123
721 0.573124
722 0.573124
723 0.573125
724 0.573125
725 0.573126
726 0.573126
727 0.573127
728 0.573128
729 0.573128
730 0.573129
731 0.573129
732 0.57313
733 0.57313
734 0.573131
735 0.573131
736 0.573132
737 0.573132
738 0.573133
739 0.573133
740 0.573134
741 0.573134
742 0.573135
743 0.573136
744 0.573136
745 0.573137
746 0.573137
747 0.573138
748 0.573138
749 0.573139
750 0.57314
751 0.57314
752 0.573141
753 0.573141
754 0.573142
755 0.573143
756 0.573143
757 0.573144
758 0.573144
759 0.573145
760 0.573146
761 0.573146
762 0.573147
763 0.573147
764 0.573148
765 0.573149
766 0.573149
767 0.57315
768 0.573151
769 0.573151
770 0.573152
771 0.573153
772 0.573153
773 0.573154
774 0.573155
775 0.573155
776 0.573156
777 0.573157
778 0.573157
779 0.573158
780 0.573159
781 0.57316
782 0.57316
783 0.573161
784 0.573162
785 0.573162
786 0.573163
787 0.573164
788 0.573164
789 0.573165
790 0.573166
791 0.573167
792 0.573167
793 0.573168
794 0.573169
795 0.57317
796 0.57317
797 0.573171
798 0.573172
799 0.573173
800 0.573173
801 0.573174
802 0.573175
803 0.573176
804 0.573177
805 0.573177
806 0.573178
807 0.573179
808 0.57318
809 0.573181
810 0.573181
811 0.573182
812 0.573183
813 0.573184
814 0.573185
815 0.573186
816 0.573186
817 0.573187
818 0.573188
819 0.573189
820 0.57319
821 0.573191
822 0.573192
823 0.573193
824 0.573194
825 0.573195
826 0.573195
827 0.573196
828 0.573197
829 0.573198
830 0.573199
831 0.5732
832 0.573201
833 0.573202
834 0.573203
835 0.573204
836 0.573205
837 0.573206
838 0.573207
839 0.573208
840 0.573209
841 0.57321
842 0.573211
843 0.573212
844 0.573213
845 0.573214
846 0.573215
847 0.573216
848 0.573217
849 0.573218
850 0.573219
851 0.57322
852 0.573221
853 0.573222
854 0.573223
855 0.573225
856 0.573226
857 0.573227
858 0.573228
859 0.573229
860 0.57323
861 0.573231
862 0.573232
863 0.573233
864 0.573235
865 0.573236
866 0.573237
867 0.573238
868 0.573239
869 0.57324
870 0.573242
871 0.573243
872 0.573244
873 0.573245
874 0.573246
875 0.573248
876 0.573249
877 0.57325
878 0.573251
879 0.573253
880 0.573254
881 0.573255
882 0.573256
883 0.573258
884 0.573259
885 0.57326
886 0.573262
887 0.573263
888 0.573264
889 0.573266
890 0.573267
891 0.573268
892 0.57327
893 0.573271
894 0.573272
895 0.573274
896 0.573275
897 0.573276
898 0.573278
899 0.573279
900 0.573281
901 0.573282
902 0.573283
903 0.573285
904 0.573286
905 0.573288
906 0.573289
907 0.57329
908 0.573292
909 0.573293
910 0.573295
911 0.573296
912 0.573298
913 0.573299
914 0.573301
915 0.573302
916 0.573304
917 0.573305
918 0.573307
919 0.573308
920 0.573309
921 0.573311
922 0.573313
923 0.573314
924 0.573316
925 0.573317
926 0.573319
927 0.57332
928 0.573322
929 0.573323
930 0.573325
931 0.573326
932 0.573328
933 0.573329
934 0.573331
935 0.573332
936 0.573334
937 0.573336
938 0.573337
939 0.573339
940 0.57334
941 0.573342
942 0.573343
943 0.573345
944 0.573347
945 0.573348
946 0.57335
947 0.573351
948 0.573353
949 0.573355
950 0.573356
951 0.573358
952 0.57336
953 0.573361
954 0.573363
955 0.573364
956 0.573366
957 0.573368
958 0.573369
959 0.573371
960 0.573373
961 0.573374
962 0.573376
963 0.573378
964 0.573379
965 0.573381
966 0.573383
967 0.573385
968 0.573386
969 0.573388
970 0.57339
971 0.573391
972 0.573393
973 0.573395
974 0.573396
975 0.573398
976 0.5734
977 0.573401
978 0.573403
979 0.573405
980 0.573406
981 0.573408
982 0.57341
983 0.573411
984 0.573413
985 0.573415
986 0.573416
987 0.573418
988 0.57342
989 0.573421
990 0.573423
991 0.573424
992 0.573426
993 0.573428
994 0.573429
995 0.573431
996 0.573433
997 0.573434
998 0.573436
999 0.573437
1000 0.573439
