1 0.726534
2 0.706814
3 0.684811
4 0.671321
5 0.660733
6 0.65014
7 0.642049
8 0.634482
9 0.624357
10 0.614106
11 0.605017
12 0.597342
13 0.591233
14 0.586508
15 0.582914
16 0.580239
17 0.578259
18 0.576804
19 0.575736
20 0.574951
21 0.574376
22 0.573955
23 0.573651
24 0.573434
25 0.573281
26 0.573175
27 0.573104
28 0.573056
29 0.573025
30 0.573004
31 0.57299
32 0.572981
33 0.572975
34 0.572971
35 0.572968
36 0.572967
37 0.572965
38 0.572964
39 0.572964
40 0.572963
41 0.572963
42 0.572962
43 0.572962
44 0.572963
45 0.572963
46 0.572963
47 0.572963
48 0.572964
49 0.572964
50 0.572964
51 0.572965
52 0.572965
53 0.572966
54 0.572968
55 0.572969
56 0.572971
57 0.572973
58 0.572976
59 0.572979
60 0.572983
61 0.572987
62 0.572992
63 0.572998
64 0.573005
65 0.573014
66 0.573024
67 0.573036
68 0.573051
69 0.573071
70 0.573097
71 0.57313
72 0.573171
73 0.573227
74 0.573295
75 0.573373
76 0.573459
77 0.573537
78 0.573597
79 0.573631
80 0.573639
81 0.573632
82 0.573628
83 0.573643
84 0.573693
85 0.573781
86 0.573908
87 0.574066
88 0.574243
89 0.574425
90 0.574576
91 0.574655
92 0.57464
93 0.574541
94 0.574387
95 0.574208
96 0.574022
97 0.573846
98 0.573686
99 0.573547
100 0.57343
101 0.573334
102 0.573255
103 0.573192
104 0.573143
105 0.573103
106 0.573072
107 0.573048
108 0.573029
109 0.573015
110 0.573003
111 0.572994
112 0.572988
113 0.572983
114 0.572979
115 0.572976
116 0.572975
117 0.572974
118 0.572973
119 0.572974
120 0.572975
121 0.572977
122 0.57298
123 0.572983
124 0.572988
125 0.572995
126 0.573004
127 0.573016
128 0.573031
129 0.573051
130 0.573075
131 0.573103
132 0.573134
133 0.573163
134 0.573188
135 0.573203
136 0.573208
137 0.573203
138 0.573189
139 0.57317
140 0.57315
141 0.573134
142 0.573129
143 0.573142
144 0.573183
145 0.573255
146 0.573354
147 0.573455
148 0.573526
149 0.573543
150 0.573507
151 0.573434
152 0.573348
153 0.573265
154 0.573197
155 0.573146
156 0.573112
157 0.573093
158 0.573085
159 0.573084
160 0.57309
161 0.5731
162 0.573115
163 0.573133
164 0.573154
165 0.573179
166 0.573208
167 0.573241
168 0.573277
169 0.573316
170 0.573356
171 0.573396
172 0.573433
173 0.573464
174 0.573484
175 0.573492
176 0.573485
177 0.573466
178 0.57344
179 0.573409
180 0.573382
181 0.573366
182 0.573382
183 0.573468
184 0.573667
185 0.574055
186 0.57468
187 0.575606
188 0.576919
189 0.578637
190 0.5805
191 0.581802
192 0.581901
193 0.581255
194 0.580568
195 0.580038
196 0.579638
197 0.579288
198 0.578937
199 0.578577
200 0.578199
201 0.577804
202 0.577406
203 0.577002
204 0.576603
205 0.576215
206 0.575846
207 0.575501
208 0.575185
209 0.574911
210 0.574683
211 0.574508
212 0.574388
213 0.574319
214 0.574304
215 0.574339
216 0.574425
217 0.574559
218 0.574746
219 0.574985
220 0.575271
221 0.575609
222 0.575991
223 0.576413
224 0.576868
225 0.577336
226 0.577797
227 0.578264
228 0.578773
229 0.579376
230 0.580042
231 0.580631
232 0.581019
233 0.58116
234 0.58112
235 0.580971
236 0.580775
237 0.580572
238 0.580365
239 0.580169
240 0.57999
241 0.579822
242 0.579626
243 0.579404
244 0.579156
245 0.578879
246 0.578574
247 0.578255
248 0.577928
249 0.577606
250 0.577293
251 0.576997
252 0.576728
253 0.576487
254 0.576275
255 0.576091
256 0.575933
257 0.57579
258 0.57566
259 0.575537
260 0.575418
261 0.575306
262 0.575203
263 0.575108
264 0.575021
265 0.574943
266 0.574869
267 0.574804
268 0.574745
269 0.574691
270 0.574642
271 0.574596
272 0.574551
273 0.574508
274 0.574466
275 0.574428
276 0.57439
277 0.574353
278 0.574317
279 0.57428
280 0.574242
281 0.574207
282 0.574173
283 0.574141
284 0.574112
285 0.574086
286 0.574064
287 0.574043
288 0.574024
289 0.574006
290 0.573988
291 0.573973
292 0.57396
293 0.573948
294 0.573938
295 0.573929
296 0.57392
297 0.573912
298 0.573904
299 0.573896
300 0.573886
301 0.573876
302 0.573868
303 0.573863
304 0.57386
305 0.573859
306 0.573859
307 0.573859
308 0.573858
309 0.573858
310 0.573857
311 0.573856
312 0.573855
313 0.573855
314 0.573857
315 0.57386
316 0.573862
317 0.573864
318 0.573866
319 0.573868
320 0.57387
321 0.573871
322 0.573872
323 0.573874
324 0.573876
325 0.573879
326 0.573885
327 0.573891
328 0.573897
329 0.573902
330 0.573906
331 0.573909
332 0.573909
333 0.573908
334 0.573907
335 0.573905
336 0.573902
337 0.5739
338 0.573897
339 0.573893
340 0.573887
341 0.57388
342 0.573874
343 0.57387
344 0.573865
345 0.573862
346 0.573857
347 0.573853
348 0.57385
349 0.573847
350 0.573844
351 0.573841
352 0.573839
353 0.573839
354 0.573839
355 0.573841
356 0.573843
357 0.573844
358 0.573846
359 0.573849
360 0.573852
361 0.573853
362 0.573856
363 0.573861
364 0.573869
365 0.573878
366 0.573889
367 0.573902
368 0.573916
369 0.573931
370 0.573947
371 0.573963
372 0.57398
373 0.573998
374 0.574016
375 0.574035
376 0.574057
377 0.574082
378 0.574109
379 0.574138
380 0.574168
381 0.5742
382 0.574232
383 0.574264
384 0.57429
385 0.574311
386 0.574327
387 0.574335
388 0.57434
389 0.574344
390 0.574347
391 0.574348
392 0.574347
393 0.574347
394 0.574348
395 0.574353
396 0.574357
397 0.574365
398 0.574374
399 0.574384
400 0.574394
401 0.574403
402 0.574412
403 0.574423
404 0.574434
405 0.574445
406 0.574458
407 0.574471
408 0.574481
409 0.574491
410 0.574502
411 0.574513
412 0.574527
413 0.574542
414 0.574559
415 0.574577
416 0.574595
417 0.574613
418 0.57463
419 0.574646
420 0.574659
421 0.574669
422 0.574674
423 0.574677
424 0.574676
425 0.574673
426 0.574668
427 0.574661
428 0.574651
429 0.57464
430 0.574627
431 0.574614
432 0.574602
433 0.57459
434 0.574577
435 0.574564
436 0.574551
437 0.574535
438 0.57452
439 0.574506
440 0.574491
441 0.574477
442 0.574463
443 0.574449
444 0.574436
445 0.574422
446 0.574408
447 0.574394
448 0.57438
449 0.574364
450 0.57435
451 0.57434
452 0.574331
453 0.574322
454 0.574315
455 0.574311
456 0.574309
457 0.574309
458 0.574312
459 0.574319
460 0.574328
461 0.574338
462 0.574349
463 0.574361
464 0.574374
465 0.574386
466 0.5744
467 0.574414
468 0.574429
469 0.574444
470 0.574458
471 0.574471
472 0.574483
473 0.574491
474 0.574494
475 0.574496
476 0.574497
477 0.5745
478 0.574503
479 0.574506
480 0.574509
481 0.574514
482 0.574517
483 0.574519
484 0.57452
485 0.574523
486 0.57453
487 0.574536
488 0.574544
489 0.574553
490 0.574564
491 0.574577
492 0.574591
493 0.574608
494 0.574629
495 0.574654
496 0.574685
497 0.574719
498 0.574757
499 0.574799
500 0.574844
501 0.574897
502 0.574959
503 0.575024
504 0.575087
505 0.575148
506 0.5752
507 0.57524
508 0.575268
509 0.575283
510 0.575287
511 0.57528
512 0.575273
513 0.575279
514 0.5753
515 0.575332
516 0.575378
517 0.575435
518 0.575497
519 0.575564
520 0.575627
521 0.575684
522 0.575727
523 0.57574
524 0.575732
525 0.575702
526 0.575655
527 0.575597
528 0.575536
529 0.575479
530 0.575425
531 0.575369
532 0.575319
533 0.575277
534 0.575238
535 0.575205
536 0.575175
537 0.575143
538 0.575108
539 0.575071
540 0.575034
541 0.575
542 0.574976
543 0.574957
544 0.574942
545 0.574934
546 0.57493
547 0.574927
548 0.574929
549 0.574934
550 0.574939
551 0.574942
552 0.574946
553 0.574948
554 0.574951
555 0.574949
556 0.574948
557 0.574946
558 0.574941
559 0.574931
560 0.574921
561 0.574913
562 0.574909
563 0.574904
564 0.574895
565 0.574882
566 0.574866
567 0.574845
568 0.574824
569 0.574805
570 0.574788
571 0.574776
572 0.574764
573 0.574755
574 0.574749
575 0.574745
576 0.574743
577 0.574741
578 0.574737
579 0.574731
580 0.574725
581 0.574714
582 0.574702
583 0.574688
584 0.574673
585 0.574658
586 0.574646
587 0.57463
588 0.574611
589 0.574593
590 0.574574
591 0.574554
592 0.574534
593 0.574512
594 0.57449
595 0.574473
596 0.57446
597 0.574448
598 0.574441
599 0.574439
600 0.574439
601 0.574443
602 0.574447
603 0.574456
604 0.574467
605 0.57448
606 0.574491
607 0.574501
608 0.57451
609 0.574519
610 0.574523
611 0.574522
612 0.574516
613 0.574509
614 0.574502
615 0.574497
616 0.57449
617 0.574484
618 0.574479
619 0.574472
620 0.574468
621 0.574466
622 0.574463
623 0.574461
624 0.574459
625 0.574453
626 0.574441
627 0.574425
628 0.574404
629 0.574381
630 0.574356
631 0.574331
632 0.574307
633 0.574285
634 0.574263
635 0.574242
636 0.574225
637 0.574213
638 0.574203
639 0.574195
640 0.574188
641 0.574179
642 0.574171
643 0.574164
644 0.574156
645 0.574145
646 0.574134
647 0.574124
648 0.574115
649 0.574107
650 0.574101
651 0.574097
652 0.574096
653 0.574094
654 0.574094
655 0.574095
656 0.574096
657 0.574093
658 0.574088
659 0.574079
660 0.574069
661 0.574052
662 0.574031
663 0.574008
664 0.573983
665 0.573957
666 0.573931
667 0.573909
668 0.573888
669 0.573869
670 0.573852
671 0.573836
672 0.573822
673 0.57381
674 0.573798
675 0.573785
676 0.573773
677 0.573762
678 0.573754
679 0.573747
680 0.573742
681 0.573739
682 0.573738
683 0.573737
684 0.573738
685 0.573739
686 0.573741
687 0.573744
688 0.573747
689 0.573751
690 0.573756
691 0.573759
692 0.57376
693 0.573761
694 0.573762
695 0.573763
696 0.573764
697 0.573765
698 0.573766
699 0.573767
700 0.573768
701 0.573769
702 0.573769
703 0.573771
704 0.573773
705 0.573776
706 0.573779
707 0.57378
708 0.573779
709 0.573776
710 0.573771
711 0.573765
712 0.573756
713 0.573744
714 0.573731
715 0.573717
716 0.573703
717 0.573688
718 0.573674
719 0.573663
720 0.573656
721 0.57365
722 0.573648
723 0.573648
724 0.573651
725 0.573655
726 0.573661
727 0.573669
728 0.57368
729 0.573691
730 0.573704
731 0.573717
732 0.57373
733 0.573742
734 0.573749
735 0.573752
736 0.573752
737 0.573747
738 0.573738
739 0.573729
740 0.573722
741 0.573716
742 0.57371
743 0.573704
744 0.573697
745 0.57369
746 0.573684
747 0.573677
748 0.57367
749 0.573665
750 0.573659
751 0.573654
752 0.57365
753 0.573647
754 0.573645
755 0.573645
756 0.573646
757 0.573646
758 0.573647
759 0.573649
760 0.57365
761 0.573651
762 0.573652
763 0.573655
764 0.573655
765 0.573656
766 0.573657
767 0.573659
768 0.573661
769 0.573664
770 0.573668
771 0.573672
772 0.573676
773 0.573679
774 0.573683
775 0.573685
776 0.573688
777 0.573689
778 0.573689
779 0.57369
780 0.573692
781 0.573694
782 0.573698
783 0.573703
784 0.573708
785 0.573715
786 0.573725
787 0.573736
788 0.573748
789 0.57376
790 0.573772
791 0.573783
792 0.573797
793 0.57381
794 0.573825
795 0.573841
796 0.573857
797 0.573875
798 0.573891
799 0.57391
800 0.573932
801 0.573956
802 0.573982
803 0.574009
804 0.574039
805 0.574069
806 0.574098
807 0.574123
808 0.574144
809 0.574161
810 0.574176
811 0.574188
812 0.574196
813 0.574201
814 0.57421
815 0.574223
816 0.574236
817 0.574248
818 0.574263
819 0.574278
820 0.574291
821 0.574301
822 0.57431
823 0.574317
824 0.574321
825 0.574318
826 0.574312
827 0.574313
828 0.574315
829 0.574314
830 0.574307
831 0.574296
832 0.574276
833 0.57425
834 0.574222
835 0.574189
836 0.574154
837 0.574125
838 0.574104
839 0.574092
840 0.574086
841 0.57408
842 0.574077
843 0.574077
844 0.574075
845 0.574071
846 0.574064
847 0.574054
848 0.574037
849 0.574016
850 0.573995
851 0.573974
852 0.573953
853 0.573928
854 0.573904
855 0.573882
856 0.573862
857 0.573844
858 0.573828
859 0.573813
860 0.5738
861 0.573786
862 0.573773
863 0.573762
864 0.573753
865 0.573744
866 0.573735
867 0.573726
868 0.573716
869 0.573706
870 0.573698
871 0.57369
872 0.573682
873 0.573672
874 0.573661
875 0.573651
876 0.573641
877 0.573632
878 0.573628
879 0.573626
880 0.573626
881 0.573629
882 0.573632
883 0.573636
884 0.573639
885 0.573645
886 0.573652
887 0.573659
888 0.573667
889 0.573677
890 0.573688
891 0.573701
892 0.573717
893 0.573737
894 0.573759
895 0.573779
896 0.57379
897 0.573792
898 0.573787
899 0.573777
900 0.573767
901 0.573756
902 0.573746
903 0.573737
904 0.573729
905 0.573722
906 0.573715
907 0.573707
908 0.573698
909 0.57369
910 0.573683
911 0.573677
912 0.573671
913 0.573663
914 0.573655
915 0.573647
916 0.573639
917 0.573633
918 0.573627
919 0.573621
920 0.573614
921 0.573608
922 0.573602
923 0.573596
924 0.57359
925 0.573585
926 0.573579
927 0.573575
928 0.573572
929 0.573569
930 0.573567
931 0.573563
932 0.573559
933 0.573555
934 0.573551
935 0.573547
936 0.573543
937 0.57354
938 0.573536
939 0.573532
940 0.573528
941 0.573525
942 0.573523
943 0.57352
944 0.573515
945 0.573509
946 0.573502
947 0.573495
948 0.573488
949 0.573482
950 0.573475
951 0.573467
952 0.57346
953 0.573453
954 0.573447
955 0.573443
956 0.57344
957 0.573437
958 0.573435
959 0.573432
960 0.57343
961 0.573426
962 0.573422
963 0.573417
964 0.573412
965 0.573408
966 0.573404
967 0.5734
968 0.573396
969 0.573394
970 0.573392
971 0.573391
972 0.57339
973 0.573388
974 0.573385
975 0.573382
976 0.573379
977 0.573377
978 0.573376
979 0.573374
980 0.573373
981 0.573371
982 0.573369
983 0.573368
984 0.573366
985 0.573365
986 0.573364
987 0.573362
988 0.573361
989 0.573361
990 0.573362
991 0.573364
992 0.573366
993 0.573368
994 0.573371
995 0.573375
996 0.57338
997 0.573387
998 0.573397
999 0.57341
1000 0.573426
