1 0.752451
2 0.752226
3 0.752001
4 0.751776
5 0.751552
6 0.751327
7 0.751103
8 0.750879
9 0.750654
10 0.750428
11 0.750201
12 0.749974
13 0.749746
14 0.749519
15 0.749291
16 0.749064
17 0.748837
18 0.748609
19 0.748382
20 0.748156
21 0.74793
22 0.747705
23 0.747479
24 0.747255
25 0.747031
26 0.746807
27 0.746583
28 0.746359
29 0.746135
30 0.745911
31 0.745687
32 0.745463
33 0.745238
34 0.745013
35 0.744788
36 0.744562
37 0.744336
38 0.744108
39 0.743878
40 0.743647
41 0.743414
42 0.743179
43 0.742941
44 0.7427
45 0.742456
46 0.742209
47 0.741957
48 0.741702
49 0.741442
50 0.741178
51 0.740909
52 0.740634
53 0.740355
54 0.74007
55 0.739781
56 0.739488
57 0.739189
58 0.738886
59 0.738578
60 0.738265
61 0.737947
62 0.737625
63 0.737298
64 0.736967
65 0.736632
66 0.736292
67 0.73595
68 0.735604
69 0.735254
70 0.734901
71 0.734546
72 0.734188
73 0.733828
74 0.733465
75 0.7331
76 0.732732
77 0.732361
78 0.731988
79 0.731614
80 0.731236
81 0.730856
82 0.730474
83 0.730091
84 0.729705
85 0.729317
86 0.728927
87 0.728535
88 0.72814
89 0.727744
90 0.727346
91 0.726946
92 0.726543
93 0.726138
94 0.725731
95 0.725322
96 0.724911
97 0.724498
98 0.724083
99 0.723666
100 0.723245
101 0.722823
102 0.722399
103 0.721972
104 0.721543
105 0.721113
106 0.720681
107 0.720247
108 0.71981
109 0.719372
110 0.718932
111 0.71849
112 0.718046
113 0.7176
114 0.717152
115 0.716703
116 0.716252
117 0.715801
118 0.715348
119 0.714893
120 0.714437
121 0.713979
122 0.71352
123 0.71306
124 0.712599
125 0.712137
126 0.711674
127 0.71121
128 0.710744
129 0.710277
130 0.709809
131 0.709342
132 0.708874
133 0.708404
134 0.707934
135 0.707464
136 0.706993
137 0.706521
138 0.706049
139 0.705577
140 0.705104
141 0.704631
142 0.704158
143 0.703685
144 0.703212
145 0.70274
146 0.702267
147 0.701794
148 0.701322
149 0.700849
150 0.700377
151 0.699904
152 0.699431
153 0.698959
154 0.698486
155 0.698014
156 0.697542
157 0.69707
158 0.696599
159 0.696128
160 0.695658
161 0.695188
162 0.69472
163 0.694252
164 0.693784
165 0.693318
166 0.692852
167 0.692386
168 0.691922
169 0.691458
170 0.690994
171 0.690532
172 0.690069
173 0.689608
174 0.689147
175 0.688688
176 0.688229
177 0.687772
178 0.687316
179 0.686862
180 0.686409
181 0.685958
182 0.685507
183 0.685058
184 0.68461
185 0.684164
186 0.683719
187 0.683276
188 0.682835
189 0.682395
190 0.681957
191 0.68152
192 0.681085
193 0.680651
194 0.680219
195 0.679788
196 0.67936
197 0.678933
198 0.678507
199 0.678084
200 0.677662
201 0.677242
202 0.676824
203 0.676408
204 0.675994
205 0.675582
206 0.675172
207 0.674765
208 0.674359
209 0.673955
210 0.673554
211 0.673155
212 0.672758
213 0.672364
214 0.671972
215 0.671583
216 0.671196
217 0.67081
218 0.670427
219 0.670047
220 0.669668
221 0.669291
222 0.668917
223 0.668545
224 0.668175
225 0.667807
226 0.667441
227 0.667078
228 0.666716
229 0.666357
230 0.666
231 0.665645
232 0.665292
233 0.664941
234 0.664592
235 0.664245
236 0.6639
237 0.663558
238 0.663217
239 0.662879
240 0.662542
241 0.662208
242 0.661875
243 0.661545
244 0.661216
245 0.660889
246 0.660565
247 0.660242
248 0.659921
249 0.659601
250 0.659284
251 0.658968
252 0.658654
253 0.658342
254 0.658031
255 0.657722
256 0.657414
257 0.657108
258 0.656803
259 0.6565
260 0.656198
261 0.655899
262 0.6556
263 0.655304
264 0.655008
265 0.654713
266 0.654421
267 0.654129
268 0.653839
269 0.65355
270 0.653262
271 0.652975
272 0.652689
273 0.652404
274 0.65212
275 0.651837
276 0.651555
277 0.651274
278 0.650993
279 0.650714
280 0.650435
281 0.650157
282 0.64988
283 0.649604
284 0.649328
285 0.649054
286 0.648779
287 0.648506
288 0.648233
289 0.64796
290 0.647688
291 0.647417
292 0.647146
293 0.646876
294 0.646607
295 0.646338
296 0.64607
297 0.645802
298 0.645535
299 0.645269
300 0.645002
301 0.644736
302 0.644471
303 0.644206
304 0.643941
305 0.643677
306 0.643413
307 0.64315
308 0.642887
309 0.642624
310 0.642361
311 0.642099
312 0.641838
313 0.641576
314 0.641316
315 0.641055
316 0.640795
317 0.640536
318 0.640276
319 0.640017
320 0.639758
321 0.6395
322 0.639241
323 0.638983
324 0.638726
325 0.638468
326 0.638212
327 0.637955
328 0.637699
329 0.637444
330 0.637188
331 0.636933
332 0.636679
333 0.636425
334 0.636171
335 0.635918
336 0.635665
337 0.635412
338 0.63516
339 0.634908
340 0.634657
341 0.634406
342 0.634155
343 0.633905
344 0.633655
345 0.633406
346 0.633157
347 0.632909
348 0.63266
349 0.632413
350 0.632165
351 0.631918
352 0.631672
353 0.631426
354 0.63118
355 0.630935
356 0.63069
357 0.630446
358 0.630202
359 0.629959
360 0.629717
361 0.629475
362 0.629233
363 0.628992
364 0.628752
365 0.628512
366 0.628273
367 0.628034
368 0.627797
369 0.627559
370 0.627323
371 0.627087
372 0.626852
373 0.626618
374 0.626385
375 0.626152
376 0.62592
377 0.625689
378 0.625458
379 0.625228
380 0.624999
381 0.624771
382 0.624544
383 0.624318
384 0.624093
385 0.623868
386 0.623645
387 0.623423
388 0.623202
389 0.622982
390 0.622763
391 0.622545
392 0.622329
393 0.622113
394 0.621899
395 0.621686
396 0.621474
397 0.621264
398 0.621055
399 0.620847
400 0.620641
401 0.620436
402 0.620233
403 0.620031
404 0.61983
405 0.619631
406 0.619433
407 0.619237
408 0.619043
409 0.61885
410 0.618659
411 0.61847
412 0.618282
413 0.618095
414 0.617911
415 0.617728
416 0.617547
417 0.617367
418 0.617189
419 0.617013
420 0.616839
421 0.616666
422 0.616495
423 0.616326
424 0.616159
425 0.615993
426 0.615829
427 0.615666
428 0.615506
429 0.615346
430 0.615189
431 0.615033
432 0.614879
433 0.614726
434 0.614575
435 0.614425
436 0.614276
437 0.614129
438 0.613984
439 0.613839
440 0.613696
441 0.613555
442 0.613414
443 0.613275
444 0.613137
445 0.613001
446 0.612865
447 0.61273
448 0.612597
449 0.612464
450 0.612333
451 0.612202
452 0.612072
453 0.611943
454 0.611815
455 0.611688
456 0.611562
457 0.611437
458 0.611312
459 0.611188
460 0.611066
461 0.610944
462 0.610823
463 0.610702
464 0.610583
465 0.610464
466 0.610346
467 0.610229
468 0.610112
469 0.609996
470 0.609881
471 0.609766
472 0.609652
473 0.609539
474 0.609426
475 0.609314
476 0.609202
477 0.609091
478 0.608981
479 0.608871
480 0.608761
481 0.608652
482 0.608544
483 0.608436
484 0.608328
485 0.608221
486 0.608114
487 0.608008
488 0.607902
489 0.607796
490 0.607691
491 0.607586
492 0.607482
493 0.607378
494 0.607275
495 0.607172
496 0.607069
497 0.606967
498 0.606865
499 0.606764
500 0.606662
501 0.606562
502 0.606461
503 0.606361
504 0.606261
505 0.606162
506 0.606062
507 0.605964
508 0.605865
509 0.605767
510 0.605669
511 0.605571
512 0.605473
513 0.605376
514 0.605279
515 0.605183
516 0.605086
517 0.60499
518 0.604894
519 0.604798
520 0.604703
521 0.604608
522 0.604513
523 0.604418
524 0.604324
525 0.60423
526 0.604136
527 0.604042
528 0.603949
529 0.603856
530 0.603763
531 0.60367
532 0.603578
533 0.603486
534 0.603394
535 0.603302
536 0.603211
537 0.603119
538 0.603028
539 0.602938
540 0.602847
541 0.602757
542 0.602667
543 0.602577
544 0.602488
545 0.602398
546 0.602309
547 0.60222
548 0.602132
549 0.602043
550 0.601955
551 0.601867
552 0.601779
553 0.601692
554 0.601604
555 0.601517
556 0.60143
557 0.601343
558 0.601257
559 0.60117
560 0.601084
561 0.600998
562 0.600912
563 0.600826
564 0.60074
565 0.600655
566 0.600569
567 0.600484
568 0.600399
569 0.600314
570 0.60023
571 0.600145
572 0.600061
573 0.599976
574 0.599892
575 0.599808
576 0.599725
577 0.599641
578 0.599557
579 0.599474
580 0.599391
581 0.599308
582 0.599225
583 0.599142
584 0.599059
585 0.598977
586 0.598894
587 0.598812
588 0.59873
589 0.598647
590 0.598565
591 0.598483
592 0.598401
593 0.59832
594 0.598238
595 0.598156
596 0.598075
597 0.597993
598 0.597912
599 0.597831
600 0.59775
601 0.597669
602 0.597588
603 0.597507
604 0.597426
605 0.597345
606 0.597265
607 0.597184
608 0.597104
609 0.597024
610 0.596943
611 0.596863
612 0.596783
613 0.596703
614 0.596623
615 0.596543
616 0.596463
617 0.596384
618 0.596304
619 0.596225
620 0.596145
621 0.596066
622 0.595987
623 0.595907
624 0.595828
625 0.595749
626 0.59567
627 0.595591
628 0.595512
629 0.595434
630 0.595355
631 0.595276
632 0.595198
633 0.595119
634 0.595041
635 0.594962
636 0.594884
637 0.594806
638 0.594728
639 0.59465
640 0.594572
641 0.594494
642 0.594416
643 0.594338
644 0.594261
645 0.594183
646 0.594106
647 0.594028
648 0.593951
649 0.593874
650 0.593797
651 0.593719
652 0.593642
653 0.593565
654 0.593489
655 0.593412
656 0.593335
657 0.593258
658 0.593182
659 0.593105
660 0.593029
661 0.592953
662 0.592876
663 0.5928
664 0.592724
665 0.592648
666 0.592572
667 0.592497
668 0.592421
669 0.592345
670 0.59227
671 0.592194
672 0.592119
673 0.592044
674 0.591969
675 0.591894
676 0.591819
677 0.591744
678 0.591669
679 0.591595
680 0.59152
681 0.591446
682 0.591371
683 0.591297
684 0.591223
685 0.591149
686 0.591076
687 0.591002
688 0.590929
689 0.590855
690 0.590782
691 0.590709
692 0.590636
693 0.590563
694 0.59049
695 0.590418
696 0.590346
697 0.590274
698 0.590202
699 0.59013
700 0.590058
701 0.589986
702 0.589915
703 0.589844
704 0.589773
705 0.589702
706 0.589632
707 0.589561
708 0.589491
709 0.589421
710 0.589351
711 0.589282
712 0.589212
713 0.589143
714 0.589074
715 0.589005
716 0.588937
717 0.588868
718 0.5888
719 0.588732
720 0.588665
721 0.588598
722 0.58853
723 0.588464
724 0.588397
725 0.588331
726 0.588264
727 0.588199
728 0.588133
729 0.588068
730 0.588003
731 0.587938
732 0.587873
733 0.587809
734 0.587745
735 0.587681
736 0.587617
737 0.587554
738 0.587491
739 0.587428
740 0.587366
741 0.587304
742 0.587242
743 0.58718
744 0.587119
745 0.587058
746 0.586997
747 0.586936
748 0.586876
749 0.586816
750 0.586757
751 0.586697
752 0.586638
753 0.586579
754 0.586521
755 0.586463
756 0.586405
757 0.586347
758 0.58629
759 0.586233
760 0.586177
761 0.58612
762 0.586064
763 0.586008
764 0.585953
765 0.585897
766 0.585843
767 0.585788
768 0.585733
769 0.585679
770 0.585626
771 0.585572
772 0.585519
773 0.585466
774 0.585414
775 0.585361
776 0.585309
777 0.585258
778 0.585206
779 0.585155
780 0.585105
781 0.585054
782 0.585004
783 0.584954
784 0.584904
785 0.584855
786 0.584806
787 0.584757
788 0.584708
789 0.58466
790 0.584612
791 0.584564
792 0.584516
793 0.584469
794 0.584422
795 0.584375
796 0.584329
797 0.584282
798 0.584236
799 0.584191
800 0.584145
801 0.5841
802 0.584055
803 0.58401
804 0.583965
805 0.583921
806 0.583877
807 0.583833
808 0.583789
809 0.583745
810 0.583702
811 0.583659
812 0.583616
813 0.583573
814 0.583531
815 0.583488
816 0.583446
817 0.583404
818 0.583363
819 0.583321
820 0.58328
821 0.583238
822 0.583197
823 0.583157
824 0.583116
825 0.583075
826 0.583035
827 0.582995
828 0.582954
829 0.582914
830 0.582874
831 0.582835
832 0.582795
833 0.582755
834 0.582716
835 0.582676
836 0.582637
837 0.582598
838 0.582559
839 0.58252
840 0.582481
841 0.582442
842 0.582403
843 0.582365
844 0.582326
845 0.582287
846 0.582249
847 0.58221
848 0.582172
849 0.582133
850 0.582095
851 0.582057
852 0.582018
853 0.58198
854 0.581942
855 0.581904
856 0.581865
857 0.581827
858 0.581789
859 0.58175
860 0.581712
861 0.581674
862 0.581636
863 0.581597
864 0.581559
865 0.581521
866 0.581483
867 0.581444
868 0.581406
869 0.581368
870 0.581329
871 0.581291
872 0.581252
873 0.581214
874 0.581175
875 0.581137
876 0.581098
877 0.58106
878 0.581021
879 0.580982
880 0.580944
881 0.580905
882 0.580866
883 0.580827
884 0.580788
885 0.580749
886 0.58071
887 0.580671
888 0.580632
889 0.580593
890 0.580554
891 0.580514
892 0.580475
893 0.580436
894 0.580397
895 0.580357
896 0.580318
897 0.580278
898 0.580239
899 0.580199
900 0.58016
901 0.58012
902 0.58008
903 0.580041
904 0.580001
905 0.579961
906 0.579922
907 0.579882
908 0.579842
909 0.579802
910 0.579763
911 0.579723
912 0.579683
913 0.579643
914 0.579603
915 0.579563
916 0.579524
917 0.579484
918 0.579444
919 0.579404
920 0.579364
921 0.579324
922 0.579285
923 0.579245
924 0.579205
925 0.579165
926 0.579125
927 0.579086
928 0.579046
929 0.579007
930 0.578967
931 0.578928
932 0.578888
933 0.578849
934 0.578809
935 0.57877
936 0.578731
937 0.578692
938 0.578653
939 0.578614
940 0.578575
941 0.578536
942 0.578497
943 0.578458
944 0.57842
945 0.578381
946 0.578343
947 0.578304
948 0.578266
949 0.578228
950 0.57819
951 0.578152
952 0.578114
953 0.578076
954 0.578038
955 0.578001
956 0.577963
957 0.577926
958 0.577888
959 0.577851
960 0.577814
961 0.577777
962 0.57774
963 0.577704
964 0.577667
965 0.577631
966 0.577594
967 0.577558
968 0.577522
969 0.577486
970 0.57745
971 0.577415
972 0.577379
973 0.577344
974 0.577309
975 0.577274
976 0.577239
977 0.577204
978 0.577169
979 0.577135
980 0.577101
981 0.577067
982 0.577033
983 0.576999
984 0.576965
985 0.576932
986 0.576898
987 0.576865
988 0.576832
989 0.576799
990 0.576767
991 0.576734
992 0.576702
993 0.57667
994 0.576638
995 0.576606
996 0.576574
997 0.576543
998 0.576512
999 0.576481
1000 0.57645
