1 0.749829
2 0.750744
3 0.74611
4 0.737813
5 0.727626
6 0.717936
7 0.710713
8 0.707571
9 0.712054
10 0.722232
11 0.728941
12 0.73353
13 0.734128
14 0.735707
15 0.740193
16 0.741812
17 0.736835
18 0.733619
19 0.730288
20 0.728272
21 0.725412
22 0.721611
23 0.719254
24 0.717989
25 0.717408
26 0.717257
27 0.717014
28 0.716585
29 0.715985
30 0.715292
31 0.714564
32 0.713784
33 0.713026
34 0.712306
35 0.711621
36 0.710946
37 0.710256
38 0.709527
39 0.708749
40 0.707935
41 0.707104
42 0.706095
43 0.705129
44 0.704175
45 0.703163
46 0.702188
47 0.701186
48 0.700181
49 0.699254
50 0.698463
51 0.697742
52 0.697092
53 0.696512
54 0.695968
55 0.695437
56 0.694903
57 0.694365
58 0.693816
59 0.693268
60 0.692719
61 0.692168
62 0.691627
63 0.691091
64 0.690558
65 0.690021
66 0.689487
67 0.68898
68 0.68849
69 0.688008
70 0.687552
71 0.687128
72 0.686755
73 0.686435
74 0.686144
75 0.685872
76 0.685566
77 0.685244
78 0.68495
79 0.684652
80 0.684365
81 0.684313
82 0.684465
83 0.684607
84 0.684588
85 0.684422
86 0.684158
87 0.683846
88 0.683551
89 0.683307
90 0.683128
91 0.682978
92 0.682877
93 0.682796
94 0.682653
95 0.682272
96 0.681733
97 0.681493
98 0.681513
99 0.681622
100 0.68181
101 0.681916
102 0.681948
103 0.681891
104 0.681817
105 0.681729
106 0.681568
107 0.681357
108 0.681216
109 0.681096
110 0.681017
111 0.680901
112 0.68085
113 0.68083
114 0.680859
115 0.680915
116 0.681156
117 0.681182
118 0.681123
119 0.680992
120 0.680995
121 0.68088
122 0.680956
123 0.680841
124 0.680754
125 0.680692
126 0.680639
127 0.680766
128 0.680758
129 0.680622
130 0.680477
131 0.680453
132 0.68055
133 0.680656
134 0.680244
135 0.680018
136 0.679946
137 0.680619
138 0.680432
139 0.680855
140 0.681092
141 0.681323
142 0.681435
143 0.681618
144 0.682114
145 0.682654
146 0.68277
147 0.683345
148 0.683479
149 0.684799
150 0.686116
151 0.685858
152 0.686707
153 0.687038
154 0.687006
155 0.686206
156 0.685399
157 0.68565
158 0.685247
159 0.687924
160 0.688022
161 0.687649
162 0.690259
163 0.693459
164 0.694323
165 0.690187
166 0.688713
167 0.688931
168 0.6909
169 0.6907
170 0.692265
171 0.693514
172 0.695267
173 0.695355
174 0.694833
175 0.695512
176 0.690638
177 0.689365
178 0.689494
179 0.690365
180 0.691908
181 0.693213
182 0.692048
183 0.690494
184 0.690214
185 0.69014
186 0.689842
187 0.690941
188 0.694286
189 0.694291
190 0.691596
191 0.689533
192 0.690325
193 0.687792
194 0.688104
195 0.688466
196 0.68829
197 0.688065
198 0.687269
199 0.686802
200 0.686893
201 0.687532
202 0.688187
203 0.687736
204 0.687092
205 0.686928
206 0.686954
207 0.686973
208 0.687237
209 0.687385
210 0.687836
211 0.687788
212 0.687151
213 0.687325
214 0.687364
215 0.687447
216 0.687363
217 0.687471
218 0.687304
219 0.687914
220 0.688021
221 0.68848
222 0.688349
223 0.688251
224 0.688124
225 0.688709
226 0.688649
227 0.688379
228 0.688563
229 0.688705
230 0.688704
231 0.688715
232 0.688758
233 0.688868
234 0.688494
235 0.688781
236 0.689308
237 0.689421
238 0.688843
239 0.688963
240 0.689882
241 0.690404
242 0.690997
243 0.691754
244 0.693849
245 0.695021
246 0.695792
247 0.695955
248 0.695503
249 0.694732
250 0.695199
251 0.694654
252 0.693477
253 0.692216
254 0.692713
255 0.692944
256 0.691498
257 0.689656
258 0.690669
259 0.690563
260 0.691844
261 0.692107
262 0.691756
263 0.691126
264 0.689495
265 0.68915
266 0.689131
267 0.689385
268 0.689231
269 0.688996
270 0.689116
271 0.689186
272 0.689302
273 0.689601
274 0.689958
275 0.690587
276 0.691197
277 0.691823
278 0.693146
279 0.695221
280 0.697944
281 0.700037
282 0.700809
283 0.701454
284 0.70213
285 0.703195
286 0.702968
287 0.705139
288 0.711677
289 0.72486
290 0.739648
291 0.749889
292 0.754955
293 0.761216
294 0.76376
295 0.765565
296 0.767452
297 0.76911
298 0.769296
299 0.767314
300 0.764836
301 0.763144
302 0.761809
303 0.761586
304 0.760413
305 0.759767
306 0.75993
307 0.759391
308 0.75889
309 0.755064
310 0.751595
311 0.752986
312 0.752697
313 0.752917
314 0.753322
315 0.754168
316 0.754837
317 0.755437
318 0.756084
319 0.757088
320 0.757916
321 0.757469
322 0.75785
323 0.757247
324 0.758696
325 0.756212
326 0.749767
327 0.746263
328 0.745694
329 0.745806
330 0.744918
331 0.740914
332 0.73791
333 0.74126
334 0.734481
335 0.729297
336 0.728132
337 0.73097
338 0.735407
339 0.725362
340 0.719993
341 0.718755
342 0.714571
343 0.710177
344 0.709699
345 0.708382
346 0.704479
347 0.703392
348 0.705908
349 0.709554
350 0.708343
351 0.707881
352 0.706716
353 0.707594
354 0.706972
355 0.706939
356 0.706408
357 0.705311
358 0.701675
359 0.701867
360 0.701626
361 0.699975
362 0.69968
363 0.699558
364 0.699416
365 0.699549
366 0.70147
367 0.703739
368 0.703835
369 0.70077
370 0.700932
371 0.6989
372 0.701485
373 0.701614
374 0.701487
375 0.701206
376 0.700977
377 0.700345
378 0.700015
379 0.699578
380 0.699179
381 0.697485
382 0.697079
383 0.696985
384 0.695933
385 0.695857
386 0.694994
387 0.694349
388 0.693844
389 0.693709
390 0.69382
391 0.693538
392 0.693754
393 0.693638
394 0.69387
395 0.693864
396 0.694033
397 0.694524
398 0.69463
399 0.694603
400 0.694219
401 0.693895
402 0.694061
403 0.693961
404 0.693719
405 0.693449
406 0.693273
407 0.693306
408 0.693354
409 0.693391
410 0.693372
411 0.693122
412 0.692991
413 0.692994
414 0.692888
415 0.692725
416 0.692336
417 0.691849
418 0.69114
419 0.690268
420 0.689675
421 0.689073
422 0.688665
423 0.68764
424 0.686607
425 0.685699
426 0.683993
427 0.682613
428 0.681791
429 0.681104
430 0.680791
431 0.680266
432 0.679338
433 0.678973
434 0.678724
435 0.678231
436 0.677608
437 0.677082
438 0.6766
439 0.676188
440 0.675801
441 0.675405
442 0.675076
443 0.674883
444 0.67441
445 0.674426
446 0.674144
447 0.674168
448 0.674229
449 0.674214
450 0.6741
451 0.673796
452 0.673848
453 0.673676
454 0.673561
455 0.673249
456 0.673099
457 0.67291
458 0.672764
459 0.672767
460 0.672797
461 0.672869
462 0.673007
463 0.672912
464 0.672699
465 0.672762
466 0.672813
467 0.672716
468 0.672649
469 0.672691
470 0.67261
471 0.672613
472 0.672792
473 0.67359
474 0.673615
475 0.673331
476 0.673016
477 0.672792
478 0.67263
479 0.672734
480 0.672875
481 0.672937
482 0.672875
483 0.672624
484 0.672495
485 0.672358
486 0.672756
487 0.672677
488 0.672551
489 0.672116
490 0.672116
491 0.672496
492 0.673237
493 0.674499
494 0.674591
495 0.674872
496 0.675574
497 0.676591
498 0.67738
499 0.676399
500 0.677475
501 0.677898
502 0.67782
503 0.677491
504 0.677502
505 0.680559
506 0.682235
507 0.683892
508 0.683546
509 0.683705
510 0.683588
511 0.683835
512 0.684738
513 0.685236
514 0.684824
515 0.685884
516 0.6856
517 0.685695
518 0.685856
519 0.685133
520 0.685343
521 0.687332
522 0.688487
523 0.69082
524 0.694564
525 0.698301
526 0.699501
527 0.697993
528 0.699738
529 0.705285
530 0.715936
531 0.739374
532 0.790814
533 0.853897
534 0.828751
535 0.798799
536 0.797122
537 0.79999
538 0.802221
539 0.804027
540 0.807695
541 0.81549
542 0.828096
543 0.83796
544 0.843572
545 0.842012
546 0.834988
547 0.833273
548 0.842203
549 0.852278
550 0.850364
551 0.820246
552 0.792613
553 0.758877
554 0.71969
555 0.71088
556 0.714375
557 0.715982
558 0.728153
559 0.736911
560 0.738655
561 0.743624
562 0.740326
563 0.729087
564 0.721114
565 0.717806
566 0.707874
567 0.695488
568 0.693841
569 0.696989
570 0.701562
571 0.702488
572 0.701513
573 0.701326
574 0.701925
575 0.69928
576 0.688658
577 0.678967
578 0.675328
579 0.670533
580 0.665402
581 0.66255
582 0.662022
583 0.661782
584 0.661831
585 0.663264
586 0.665136
587 0.665988
588 0.666134
589 0.666075
590 0.665968
591 0.66574
592 0.665472
593 0.664822
594 0.66289
595 0.659076
596 0.65598
597 0.654232
598 0.655436
599 0.658258
600 0.661465
601 0.665063
602 0.668267
603 0.674991
604 0.679472
605 0.680362
606 0.677383
607 0.674112
608 0.672185
609 0.671228
610 0.670756
611 0.671139
612 0.671449
613 0.670606
614 0.668177
615 0.666565
616 0.670092
617 0.685675
618 0.666595
619 0.659726
620 0.657841
621 0.655337
622 0.652798
623 0.651869
624 0.651591
625 0.651382
626 0.651246
627 0.651231
628 0.651465
629 0.652446
630 0.656255
631 0.662268
632 0.666539
633 0.668575
634 0.670727
635 0.673055
636 0.672318
637 0.668704
638 0.664541
639 0.662205
640 0.663486
641 0.664412
642 0.665143
643 0.665307
644 0.664674
645 0.663316
646 0.658212
647 0.653376
648 0.654644
649 0.660939
650 0.657289
651 0.653273
652 0.652162
653 0.651683
654 0.650891
655 0.649583
656 0.648641
657 0.648416
658 0.648421
659 0.648748
660 0.649721
661 0.651345
662 0.652731
663 0.653343
664 0.653432
665 0.653244
666 0.652977
667 0.652592
668 0.652126
669 0.651832
670 0.652021
671 0.653023
672 0.656476
673 0.663608
674 0.670619
675 0.675715
676 0.678534
677 0.679822
678 0.680117
679 0.679695
680 0.678683
681 0.677092
682 0.675263
683 0.673498
684 0.672027
685 0.670746
686 0.66955
687 0.668037
688 0.665756
689 0.662737
690 0.659563
691 0.657183
692 0.655282
693 0.653837
694 0.653044
695 0.65265
696 0.652411
697 0.65264
698 0.653019
699 0.653285
700 0.653983
701 0.655131
702 0.655702
703 0.65615
704 0.656474
705 0.656515
706 0.656595
707 0.657136
708 0.659495
709 0.660876
710 0.66143
711 0.663338
712 0.666752
713 0.670754
714 0.675107
715 0.679092
716 0.682061
717 0.683877
718 0.685401
719 0.687191
720 0.688927
721 0.690304
722 0.691178
723 0.691694
724 0.691477
725 0.69106
726 0.6907
727 0.6904
728 0.689844
729 0.686621
730 0.682384
731 0.679966
732 0.676788
733 0.674051
734 0.673184
735 0.672991
736 0.672777
737 0.672914
738 0.673055
739 0.673145
740 0.673231
741 0.673141
742 0.673121
743 0.673261
744 0.673396
745 0.673407
746 0.673462
747 0.67361
748 0.673899
749 0.674351
750 0.674895
751 0.67597
752 0.676858
753 0.677096
754 0.676906
755 0.67711
756 0.677354
757 0.677705
758 0.678115
759 0.678401
760 0.678465
761 0.677798
762 0.677218
763 0.676784
764 0.676453
765 0.676339
766 0.676103
767 0.675194
768 0.673579
769 0.671646
770 0.669699
771 0.668251
772 0.667703
773 0.667391
774 0.66664
775 0.6663
776 0.666372
777 0.666651
778 0.666593
779 0.666367
780 0.666107
781 0.665851
782 0.665831
783 0.666089
784 0.666134
785 0.666028
786 0.666021
787 0.666003
788 0.665849
789 0.665437
790 0.664746
791 0.663915
792 0.663566
793 0.663273
794 0.663101
795 0.662912
796 0.662515
797 0.662242
798 0.661917
799 0.661657
800 0.661664
801 0.661478
802 0.661179
803 0.660542
804 0.66006
805 0.659997
806 0.659923
807 0.659984
808 0.660082
809 0.660189
810 0.660321
811 0.660434
812 0.660515
813 0.660584
814 0.6606
815 0.66056
816 0.660486
817 0.660442
818 0.660398
819 0.660316
820 0.660246
821 0.660136
822 0.659982
823 0.6598
824 0.659508
825 0.659288
826 0.65904
827 0.658834
828 0.658613
829 0.658314
830 0.657984
831 0.657645
832 0.657353
833 0.657125
834 0.656895
835 0.656695
836 0.656505
837 0.656303
838 0.656067
839 0.655855
840 0.655652
841 0.655468
842 0.655279
843 0.655077
844 0.654848
845 0.654689
846 0.65444
847 0.65424
848 0.653957
849 0.653661
850 0.653443
851 0.65327
852 0.653154
853 0.653023
854 0.652826
855 0.652618
856 0.652574
857 0.652767
858 0.652524
859 0.65224
860 0.652013
861 0.651723
862 0.651547
863 0.651364
864 0.651254
865 0.65119
866 0.651104
867 0.650961
868 0.650863
869 0.650735
870 0.650691
871 0.650583
872 0.65044
873 0.650366
874 0.650418
875 0.650293
876 0.650008
877 0.649958
878 0.649891
879 0.649709
880 0.649465
881 0.649182
882 0.64922
883 0.649096
884 0.648907
885 0.648698
886 0.648444
887 0.648253
888 0.648107
889 0.648024
890 0.648704
891 0.649069
892 0.649873
893 0.649851
894 0.649596
895 0.649303
896 0.649027
897 0.64841
898 0.648442
899 0.649067
900 0.648561
901 0.647832
902 0.647229
903 0.646767
904 0.646424
905 0.646115
906 0.645795
907 0.645552
908 0.645244
909 0.645039
910 0.644952
911 0.64495
912 0.644847
913 0.644712
914 0.644655
915 0.644752
916 0.644687
917 0.644616
918 0.644645
919 0.644676
920 0.645108
921 0.645338
922 0.645569
923 0.645383
924 0.645392
925 0.645469
926 0.646018
927 0.646195
928 0.646112
929 0.646531
930 0.646484
931 0.646443
932 0.646262
933 0.645851
934 0.645834
935 0.645815
936 0.645779
937 0.64574
938 0.646246
939 0.646329
940 0.645951
941 0.644723
942 0.643539
943 0.643638
944 0.644698
945 0.644652
946 0.644257
947 0.643941
948 0.64355
949 0.643207
950 0.642872
951 0.642413
952 0.642027
953 0.641836
954 0.641581
955 0.641189
956 0.641094
957 0.641176
958 0.641332
959 0.641278
960 0.641294
961 0.641166
962 0.641046
963 0.641142
964 0.640964
965 0.640612
966 0.640042
967 0.639757
968 0.639716
969 0.639516
970 0.639749
971 0.639849
972 0.639634
973 0.639533
974 0.639528
975 0.63982
976 0.639846
977 0.639701
978 0.639679
979 0.639514
980 0.639196
981 0.638823
982 0.638758
983 0.638686
984 0.63846
985 0.638319
986 0.638337
987 0.638153
988 0.638193
989 0.63799
990 0.637714
991 0.637538
992 0.63757
993 0.637371
994 0.637236
995 0.63704
996 0.636871
997 0.636737
998 0.636612
999 0.636461
1000 0.636365
