1 0.701593
2 0.696636
3 0.69185
4 0.68724
5 0.682792
6 0.678509
7 0.674387
8 0.670421
9 0.666608
10 0.662952
11 0.659457
12 0.656119
13 0.652933
14 0.649893
15 0.646994
16 0.644232
17 0.641602
18 0.639096
19 0.63671
20 0.634435
21 0.632266
22 0.630198
23 0.628224
24 0.626339
25 0.624536
26 0.622812
27 0.621161
28 0.619579
29 0.618062
30 0.616605
31 0.615204
32 0.613857
33 0.612559
34 0.611308
35 0.6101
36 0.608933
37 0.607803
38 0.606708
39 0.605645
40 0.604614
41 0.603612
42 0.602639
43 0.601694
44 0.600775
45 0.599882
46 0.599014
47 0.598172
48 0.597354
49 0.59656
50 0.595789
51 0.595041
52 0.594315
53 0.593611
54 0.592929
55 0.592268
56 0.591627
57 0.591007
58 0.590405
59 0.589823
60 0.589259
61 0.588714
62 0.588186
63 0.587675
64 0.587181
65 0.586703
66 0.586241
67 0.585795
68 0.585364
69 0.584948
70 0.584547
71 0.584159
72 0.583785
73 0.583424
74 0.583075
75 0.582738
76 0.582413
77 0.582099
78 0.581797
79 0.581504
80 0.581222
81 0.58095
82 0.580688
83 0.580434
84 0.580189
85 0.579953
86 0.579725
87 0.579504
88 0.579292
89 0.579087
90 0.578888
91 0.578697
92 0.578512
93 0.578334
94 0.578162
95 0.577995
96 0.577835
97 0.577679
98 0.57753
99 0.577385
100 0.577245
101 0.57711
102 0.57698
103 0.576855
104 0.576733
105 0.576616
106 0.576503
107 0.576393
108 0.576288
109 0.576186
110 0.576087
111 0.575992
112 0.5759
113 0.575811
114 0.575725
115 0.575642
116 0.575562
117 0.575485
118 0.57541
119 0.575337
120 0.575268
121 0.5752
122 0.575135
123 0.575072
124 0.575011
125 0.574952
126 0.574895
127 0.57484
128 0.574787
129 0.574736
130 0.574687
131 0.574639
132 0.574592
133 0.574548
134 0.574504
135 0.574463
136 0.574422
137 0.574383
138 0.574345
139 0.574309
140 0.574274
141 0.57424
142 0.574207
143 0.574175
144 0.574144
145 0.574114
146 0.574086
147 0.574058
148 0.574031
149 0.574005
150 0.57398
151 0.573956
152 0.573932
153 0.57391
154 0.573888
155 0.573867
156 0.573846
157 0.573826
158 0.573807
159 0.573789
160 0.573771
161 0.573754
162 0.573737
163 0.573721
164 0.573706
165 0.573691
166 0.573676
167 0.573662
168 0.573649
169 0.573636
170 0.573623
171 0.573611
172 0.573599
173 0.573588
174 0.573577
175 0.573566
176 0.573556
177 0.573546
178 0.573536
179 0.573527
180 0.573518
181 0.57351
182 0.573501
183 0.573493
184 0.573486
185 0.573478
186 0.573471
187 0.573464
188 0.573457
189 0.573451
190 0.573444
191 0.573438
192 0.573432
193 0.573427
194 0.573421
195 0.573416
196 0.573411
197 0.573406
198 0.573401
199 0.573396
200 0.573392
201 0.573388
202 0.573384
203 0.57338
204 0.573376
205 0.573372
206 0.573369
207 0.573365
208 0.573362
209 0.573359
210 0.573356
211 0.573353
212 0.57335
213 0.573347
214 0.573345
215 0.573342
216 0.57334
217 0.573338
218 0.573335
219 0.573333
220 0.573331
221 0.57333
222 0.573328
223 0.573326
224 0.573324
225 0.573323
226 0.573321
227 0.57332
228 0.573319
229 0.573317
230 0.573316
231 0.573315
232 0.573314
233 0.573313
234 0.573312
235 0.573311
236 0.57331
237 0.573309
238 0.573309
239 0.573308
240 0.573307
241 0.573307
242 0.573306
243 0.573306
244 0.573305
245 0.573305
246 0.573305
247 0.573304
248 0.573304
249 0.573304
250 0.573304
251 0.573304
252 0.573303
253 0.573303
254 0.573303
255 0.573303
256 0.573303
257 0.573303
258 0.573304
259 0.573304
260 0.573304
261 0.573304
262 0.573304
263 0.573305
264 0.573305
265 0.573305
266 0.573305
267 0.573306
268 0.573306
269 0.573306
270 0.573307
271 0.573307
272 0.573307
273 0.573308
274 0.573308
275 0.573308
276 0.573309
277 0.573309
278 0.57331
279 0.57331
280 0.573311
281 0.573311
282 0.573311
283 0.573312
284 0.573312
285 0.573313
286 0.573313
287 0.573314
288 0.573314
289 0.573315
290 0.573315
291 0.573315
292 0.573316
293 0.573316
294 0.573316
295 0.573317
296 0.573317
297 0.573318
298 0.573318
299 0.573318
300 0.573319
301 0.573319
302 0.573319
303 0.57332
304 0.57332
305 0.57332
306 0.57332
307 0.573321
308 0.573321
309 0.573321
310 0.573321
311 0.573321
312 0.573321
313 0.573321
314 0.573322
315 0.573322
316 0.573322
317 0.573322
318 0.573322
319 0.573322
320 0.573322
321 0.573321
322 0.573321
323 0.573321
324 0.573321
325 0.573321
326 0.573321
327 0.573321
328 0.57332
329 0.57332
330 0.57332
331 0.573319
332 0.573319
333 0.573319
334 0.573318
335 0.573318
336 0.573317
337 0.573317
338 0.573316
339 0.573316
340 0.573315
341 0.573315
342 0.573314
343 0.573314
344 0.573313
345 0.573313
346 0.573312
347 0.573311
348 0.57331
349 0.57331
350 0.573309
351 0.573308
352 0.573308
353 0.573307
354 0.573306
355 0.573305
356 0.573304
357 0.573303
358 0.573303
359 0.573302
360 0.573301
361 0.5733
362 0.573299
363 0.573298
364 0.573297
365 0.573296
366 0.573295
367 0.573294
368 0.573293
369 0.573292
370 0.573291
371 0.57329
372 0.573289
373 0.573288
374 0.573287
375 0.573286
376 0.573285
377 0.573284
378 0.573283
379 0.573282
380 0.573281
381 0.57328
382 0.573278
383 0.573277
384 0.573276
385 0.573275
386 0.573274
387 0.573273
388 0.573272
389 0.573271
390 0.57327
391 0.573269
392 0.573267
393 0.573266
394 0.573265
395 0.573264
396 0.573263
397 0.573262
398 0.573261
399 0.57326
400 0.573259
401 0.573258
402 0.573257
403 0.573256
404 0.573255
405 0.573254
406 0.573253
407 0.573252
408 0.573251
409 0.57325
410 0.573249
411 0.573248
412 0.573247
413 0.573246
414 0.573245
415 0.573244
416 0.573243
417 0.573242
418 0.573241
419 0.57324
420 0.573239
421 0.573238
422 0.573237
423 0.573236
424 0.573235
425 0.573234
426 0.573234
427 0.573233
428 0.573232
429 0.573231
430 0.57323
431 0.573229
432 0.573228
433 0.573227
434 0.573227
435 0.573226
436 0.573225
437 0.573224
438 0.573223
439 0.573222
440 0.573222
441 0.573221
442 0.57322
443 0.573219
444 0.573219
445 0.573218
446 0.573217
447 0.573216
448 0.573215
449 0.573215
450 0.573214
451 0.573213
452 0.573212
453 0.573212
454 0.573211
455 0.57321
456 0.57321
457 0.573209
458 0.573208
459 0.573207
460 0.573207
461 0.573206
462 0.573205
463 0.573205
464 0.573204
465 0.573203
466 0.573203
467 0.573202
468 0.573201
469 0.573201
470 0.5732
471 0.573199
472 0.573199
473 0.573198
474 0.573198
475 0.573197
476 0.573196
477 0.573196
478 0.573195
479 0.573194
480 0.573194
481 0.573193
482 0.573193
483 0.573192
484 0.573192
485 0.573191
486 0.57319
487 0.57319
488 0.573189
489 0.573189
490 0.573188
491 0.573187
492 0.573187
493 0.573186
494 0.573186
495 0.573185
496 0.573185
497 0.573184
498 0.573184
499 0.573183
500 0.573183
