1 0.698798
2 0.698516
3 0.698238
4 0.697966
5 0.697698
6 0.697433
7 0.697171
8 0.696912
9 0.696655
10 0.6964
11 0.696147
12 0.695896
13 0.695647
14 0.695399
15 0.695152
16 0.694906
17 0.694662
18 0.694419
19 0.694177
20 0.693936
21 0.693696
22 0.693456
23 0.693218
24 0.69298
25 0.692741
26 0.692503
27 0.692265
28 0.692026
29 0.691788
30 0.691548
31 0.691309
32 0.691069
33 0.690829
34 0.690588
35 0.690347
36 0.690105
37 0.689863
38 0.68962
39 0.689377
40 0.689134
41 0.688891
42 0.688648
43 0.688405
44 0.688163
45 0.687921
46 0.687681
47 0.687443
48 0.687206
49 0.686972
50 0.68674
51 0.68651
52 0.686284
53 0.686061
54 0.685841
55 0.685625
56 0.685412
57 0.685204
58 0.684999
59 0.684797
60 0.6846
61 0.684408
62 0.684219
63 0.684034
64 0.683854
65 0.683677
66 0.683505
67 0.683336
68 0.683172
69 0.683011
70 0.682855
71 0.682704
72 0.682556
73 0.682413
74 0.682274
75 0.682138
76 0.682007
77 0.681881
78 0.681758
79 0.681639
80 0.681524
81 0.681413
82 0.681305
83 0.681201
84 0.681101
85 0.681004
86 0.680911
87 0.680821
88 0.680735
89 0.680652
90 0.680572
91 0.680494
92 0.68042
93 0.680348
94 0.680279
95 0.680213
96 0.680149
97 0.680088
98 0.680028
99 0.679971
100 0.679916
101 0.679863
102 0.679812
103 0.679763
104 0.679716
105 0.679671
106 0.679626
107 0.679583
108 0.67954
109 0.679498
110 0.679457
111 0.679416
112 0.679375
113 0.679335
114 0.679294
115 0.679253
116 0.679212
117 0.67917
118 0.679128
119 0.679085
120 0.67904
121 0.678994
122 0.678947
123 0.678897
124 0.678846
125 0.678792
126 0.678736
127 0.678677
128 0.678615
129 0.67855
130 0.678482
131 0.678411
132 0.678336
133 0.678257
134 0.678175
135 0.678089
136 0.677999
137 0.677905
138 0.677807
139 0.677704
140 0.677598
141 0.677486
142 0.677369
143 0.677247
144 0.677121
145 0.676989
146 0.676852
147 0.67671
148 0.676563
149 0.676409
150 0.676251
151 0.676086
152 0.675916
153 0.675741
154 0.67556
155 0.675372
156 0.675179
157 0.67498
158 0.674775
159 0.674564
160 0.674346
161 0.674123
162 0.673894
163 0.673658
164 0.673417
165 0.673169
166 0.672916
167 0.672656
168 0.67239
169 0.672119
170 0.671842
171 0.671558
172 0.67127
173 0.670976
174 0.670676
175 0.670371
176 0.670062
177 0.669747
178 0.669428
179 0.669103
180 0.668774
181 0.66844
182 0.668102
183 0.66776
184 0.667413
185 0.667061
186 0.666706
187 0.666346
188 0.665982
189 0.665614
190 0.665242
191 0.664866
192 0.664487
193 0.664104
194 0.663718
195 0.663329
196 0.662938
197 0.662543
198 0.662145
199 0.661745
200 0.661342
201 0.660937
202 0.66053
203 0.660121
204 0.659709
205 0.659297
206 0.658882
207 0.658467
208 0.65805
209 0.657631
210 0.657212
211 0.656792
212 0.656372
213 0.655951
214 0.655529
215 0.655107
216 0.654685
217 0.654264
218 0.653842
219 0.65342
220 0.653
221 0.652579
222 0.652159
223 0.65174
224 0.651322
225 0.650905
226 0.650488
227 0.650073
228 0.649659
229 0.649246
230 0.648835
231 0.648426
232 0.648018
233 0.647612
234 0.647208
235 0.646806
236 0.646406
237 0.646008
238 0.645612
239 0.645218
240 0.644825
241 0.644435
242 0.644047
243 0.64366
244 0.643276
245 0.642894
246 0.642513
247 0.642134
248 0.641757
249 0.641383
250 0.64101
251 0.64064
252 0.640271
253 0.639905
254 0.63954
255 0.639178
256 0.638817
257 0.638459
258 0.638103
259 0.637748
260 0.637396
261 0.637046
262 0.636698
263 0.636353
264 0.636009
265 0.635668
266 0.635329
267 0.634992
268 0.634657
269 0.634324
270 0.633994
271 0.633666
272 0.633341
273 0.633018
274 0.632697
275 0.632379
276 0.632063
277 0.631749
278 0.631438
279 0.631129
280 0.630823
281 0.630519
282 0.630218
283 0.62992
284 0.629624
285 0.62933
286 0.62904
287 0.628751
288 0.628466
289 0.628183
290 0.627903
291 0.627625
292 0.62735
293 0.627077
294 0.626807
295 0.626539
296 0.626274
297 0.626012
298 0.625752
299 0.625494
300 0.625239
301 0.624986
302 0.624735
303 0.624487
304 0.62424
305 0.623996
306 0.623754
307 0.623514
308 0.623277
309 0.623041
310 0.622807
311 0.622575
312 0.622345
313 0.622117
314 0.62189
315 0.621665
316 0.621442
317 0.621221
318 0.621002
319 0.620784
320 0.620567
321 0.620352
322 0.620139
323 0.619926
324 0.619716
325 0.619506
326 0.619298
327 0.61909
328 0.618884
329 0.618679
330 0.618475
331 0.618273
332 0.618071
333 0.61787
334 0.61767
335 0.617471
336 0.617273
337 0.617076
338 0.616879
339 0.616684
340 0.616489
341 0.616295
342 0.616101
343 0.615909
344 0.615717
345 0.615526
346 0.615335
347 0.615145
348 0.614956
349 0.614767
350 0.614579
351 0.614391
352 0.614204
353 0.614018
354 0.613832
355 0.613646
356 0.613461
357 0.613277
358 0.613093
359 0.61291
360 0.612727
361 0.612545
362 0.612363
363 0.612181
364 0.612
365 0.61182
366 0.61164
367 0.61146
368 0.611281
369 0.611103
370 0.610925
371 0.610747
372 0.61057
373 0.610394
374 0.610218
375 0.610042
376 0.609867
377 0.609692
378 0.609518
379 0.609345
380 0.609172
381 0.609
382 0.608828
383 0.608657
384 0.608487
385 0.608317
386 0.608148
387 0.607979
388 0.607811
389 0.607644
390 0.607478
391 0.607312
392 0.607147
393 0.606983
394 0.606819
395 0.606657
396 0.606495
397 0.606334
398 0.606173
399 0.606014
400 0.605855
401 0.605698
402 0.605541
403 0.605385
404 0.60523
405 0.605075
406 0.604922
407 0.604769
408 0.604618
409 0.604467
410 0.604317
411 0.604168
412 0.60402
413 0.603873
414 0.603727
415 0.603582
416 0.603437
417 0.603294
418 0.603151
419 0.60301
420 0.602869
421 0.602729
422 0.60259
423 0.602453
424 0.602316
425 0.602179
426 0.602044
427 0.60191
428 0.601777
429 0.601644
430 0.601512
431 0.601381
432 0.601251
433 0.601122
434 0.600993
435 0.600865
436 0.600738
437 0.600612
438 0.600487
439 0.600362
440 0.600238
441 0.600115
442 0.599993
443 0.599871
444 0.59975
445 0.59963
446 0.59951
447 0.599391
448 0.599273
449 0.599155
450 0.599038
451 0.598922
452 0.598806
453 0.598691
454 0.598576
455 0.598462
456 0.598349
457 0.598236
458 0.598123
459 0.598011
460 0.5979
461 0.597789
462 0.597678
463 0.597568
464 0.597459
465 0.59735
466 0.597241
467 0.597133
468 0.597025
469 0.596917
470 0.59681
471 0.596703
472 0.596596
473 0.59649
474 0.596384
475 0.596278
476 0.596173
477 0.596067
478 0.595962
479 0.595857
480 0.595753
481 0.595648
482 0.595544
483 0.59544
484 0.595337
485 0.595233
486 0.595129
487 0.595026
488 0.594923
489 0.59482
490 0.594717
491 0.594614
492 0.594512
493 0.594409
494 0.594306
495 0.594204
496 0.594101
497 0.593999
498 0.593896
499 0.593794
500 0.593692
501 0.593589
502 0.593487
503 0.593385
504 0.593282
505 0.59318
506 0.593077
507 0.592975
508 0.592872
509 0.59277
510 0.592667
511 0.592564
512 0.592461
513 0.592358
514 0.592255
515 0.592152
516 0.592048
517 0.591945
518 0.591841
519 0.591737
520 0.591634
521 0.59153
522 0.591426
523 0.591321
524 0.591217
525 0.591112
526 0.591008
527 0.590903
528 0.590797
529 0.590692
530 0.590587
531 0.590481
532 0.590375
533 0.590269
534 0.590163
535 0.590057
536 0.58995
537 0.589843
538 0.589737
539 0.58963
540 0.589523
541 0.589415
542 0.589308
543 0.5892
544 0.589093
545 0.588985
546 0.588877
547 0.588769
548 0.588661
549 0.588552
550 0.588444
551 0.588336
552 0.588227
553 0.588118
554 0.58801
555 0.587901
556 0.587792
557 0.587684
558 0.587575
559 0.587466
560 0.587357
561 0.587249
562 0.58714
563 0.587031
564 0.586923
565 0.586814
566 0.586706
567 0.586598
568 0.586489
569 0.586381
570 0.586273
571 0.586166
572 0.586058
573 0.585951
574 0.585844
575 0.585737
576 0.58563
577 0.585524
578 0.585418
579 0.585312
580 0.585207
581 0.585102
582 0.584997
583 0.584892
584 0.584788
585 0.584685
586 0.584581
587 0.584478
588 0.584376
589 0.584274
590 0.584172
591 0.584071
592 0.58397
593 0.58387
594 0.58377
595 0.583671
596 0.583572
597 0.583474
598 0.583376
599 0.583279
600 0.583182
601 0.583086
602 0.58299
603 0.582895
604 0.582801
605 0.582707
606 0.582613
607 0.582521
608 0.582428
609 0.582337
610 0.582246
611 0.582155
612 0.582066
613 0.581976
614 0.581888
615 0.5818
616 0.581713
617 0.581626
618 0.58154
619 0.581455
620 0.58137
621 0.581286
622 0.581202
623 0.581119
624 0.581037
625 0.580955
626 0.580874
627 0.580794
628 0.580714
629 0.580635
630 0.580557
631 0.580479
632 0.580402
633 0.580326
634 0.58025
635 0.580175
636 0.580101
637 0.580027
638 0.579954
639 0.579881
640 0.579809
641 0.579738
642 0.579667
643 0.579598
644 0.579528
645 0.57946
646 0.579392
647 0.579324
648 0.579258
649 0.579191
650 0.579126
651 0.579061
652 0.578997
653 0.578933
654 0.578871
655 0.578808
656 0.578746
657 0.578685
658 0.578625
659 0.578565
660 0.578506
661 0.578447
662 0.578389
663 0.578331
664 0.578275
665 0.578218
666 0.578162
667 0.578107
668 0.578053
669 0.577999
670 0.577945
671 0.577892
672 0.57784
673 0.577788
674 0.577737
675 0.577686
676 0.577636
677 0.577586
678 0.577537
679 0.577489
680 0.577441
681 0.577393
682 0.577346
683 0.5773
684 0.577254
685 0.577208
686 0.577163
687 0.577119
688 0.577075
689 0.577031
690 0.576988
691 0.576945
692 0.576903
693 0.576861
694 0.57682
695 0.576779
696 0.576739
697 0.576699
698 0.57666
699 0.576621
700 0.576582
701 0.576544
702 0.576506
703 0.576469
704 0.576432
705 0.576396
706 0.57636
707 0.576324
708 0.576289
709 0.576254
710 0.57622
711 0.576186
712 0.576152
713 0.576119
714 0.576086
715 0.576053
716 0.576021
717 0.575989
718 0.575958
719 0.575927
720 0.575896
721 0.575865
722 0.575835
723 0.575806
724 0.575776
725 0.575747
726 0.575719
727 0.575691
728 0.575663
729 0.575635
730 0.575608
731 0.575581
732 0.575554
733 0.575528
734 0.575502
735 0.575476
736 0.57545
737 0.575425
738 0.5754
739 0.575376
740 0.575351
741 0.575327
742 0.575304
743 0.57528
744 0.575257
745 0.575234
746 0.575212
747 0.575189
748 0.575167
749 0.575145
750 0.575124
751 0.575103
752 0.575082
753 0.575061
754 0.57504
755 0.57502
756 0.575
757 0.57498
758 0.574961
759 0.574942
760 0.574923
761 0.574904
762 0.574885
763 0.574867
764 0.574849
765 0.574831
766 0.574813
767 0.574795
768 0.574778
769 0.574761
770 0.574744
771 0.574727
772 0.574711
773 0.574695
774 0.574679
775 0.574663
776 0.574647
777 0.574632
778 0.574616
779 0.574601
780 0.574586
781 0.574571
782 0.574557
783 0.574542
784 0.574528
785 0.574514
786 0.5745
787 0.574487
788 0.574473
789 0.57446
790 0.574447
791 0.574434
792 0.574421
793 0.574408
794 0.574395
795 0.574383
796 0.574371
797 0.574359
798 0.574347
799 0.574335
800 0.574324
801 0.574312
802 0.574301
803 0.57429
804 0.574279
805 0.574268
806 0.574257
807 0.574247
808 0.574236
809 0.574226
810 0.574216
811 0.574206
812 0.574196
813 0.574186
814 0.574176
815 0.574167
816 0.574157
817 0.574148
818 0.574139
819 0.57413
820 0.574121
821 0.574112
822 0.574103
823 0.574095
824 0.574086
825 0.574078
826 0.574069
827 0.574061
828 0.574053
829 0.574045
830 0.574038
831 0.57403
832 0.574022
833 0.574015
834 0.574007
835 0.574
836 0.573993
837 0.573986
838 0.573979
839 0.573972
840 0.573965
841 0.573958
842 0.573951
843 0.573945
844 0.573938
845 0.573932
846 0.573926
847 0.573919
848 0.573913
849 0.573907
850 0.573901
851 0.573895
852 0.573889
853 0.573884
854 0.573878
855 0.573873
856 0.573867
857 0.573862
858 0.573856
859 0.573851
860 0.573846
861 0.573841
862 0.573836
863 0.573831
864 0.573826
865 0.573821
866 0.573816
867 0.573811
868 0.573807
869 0.573802
870 0.573798
871 0.573793
872 0.573789
873 0.573785
874 0.57378
875 0.573776
876 0.573772
877 0.573768
878 0.573764
879 0.57376
880 0.573756
881 0.573753
882 0.573749
883 0.573745
884 0.573741
885 0.573738
886 0.573734
887 0.573731
888 0.573727
889 0.573724
890 0.573721
891 0.573717
892 0.573714
893 0.573711
894 0.573708
895 0.573705
896 0.573702
897 0.573699
898 0.573696
899 0.573693
900 0.57369
901 0.573687
902 0.573684
903 0.573682
904 0.573679
905 0.573676
906 0.573673
907 0.573671
908 0.573668
909 0.573666
910 0.573663
911 0.573661
912 0.573659
913 0.573656
914 0.573654
915 0.573652
916 0.573649
917 0.573647
918 0.573645
919 0.573643
920 0.573641
921 0.573639
922 0.573637
923 0.573635
924 0.573633
925 0.573631
926 0.573629
927 0.573627
928 0.573626
929 0.573624
930 0.573622
931 0.57362
932 0.573619
933 0.573617
934 0.573615
935 0.573614
936 0.573612
937 0.57361
938 0.573609
939 0.573607
940 0.573606
941 0.573604
942 0.573603
943 0.573602
944 0.5736
945 0.573599
946 0.573598
947 0.573596
948 0.573595
949 0.573594
950 0.573592
951 0.573591
952 0.57359
953 0.573589
954 0.573588
955 0.573587
956 0.573585
957 0.573584
958 0.573583
959 0.573582
960 0.573581
961 0.57358
962 0.573579
963 0.573578
964 0.573577
965 0.573576
966 0.573575
967 0.573574
968 0.573573
969 0.573573
970 0.573572
971 0.573571
972 0.57357
973 0.573569
974 0.573568
975 0.573568
976 0.573567
977 0.573566
978 0.573565
979 0.573565
980 0.573564
981 0.573563
982 0.573563
983 0.573562
984 0.573561
985 0.573561
986 0.57356
987 0.57356
988 0.573559
989 0.573559
990 0.573558
991 0.573558
992 0.573557
993 0.573556
994 0.573556
995 0.573556
996 0.573555
997 0.573555
998 0.573554
999 0.573554
1000 0.573553
