1 0.744122
2 0.740043
3 0.728263
4 0.720988
5 0.721926
6 0.72307
7 0.728534
8 0.742877
9 0.755504
10 0.756464
11 0.750127
12 0.744324
13 0.743172
14 0.744888
15 0.744775
16 0.746323
17 0.748078
18 0.749379
19 0.749072
20 0.747892
21 0.746435
22 0.744949
23 0.743586
24 0.742368
25 0.741586
26 0.740899
27 0.74012
28 0.739206
29 0.738081
30 0.736708
31 0.735312
32 0.733877
33 0.732393
34 0.730745
35 0.729232
36 0.728092
37 0.727176
38 0.726396
39 0.725686
40 0.725034
41 0.724424
42 0.723837
43 0.723257
44 0.722681
45 0.722107
46 0.721541
47 0.720983
48 0.720428
49 0.719877
50 0.719329
51 0.718783
52 0.718241
53 0.7177
54 0.717161
55 0.716618
56 0.716066
57 0.715476
58 0.714818
59 0.714188
60 0.713492
61 0.712766
62 0.7122
63 0.711767
64 0.71144
65 0.711209
66 0.710937
67 0.710531
68 0.71006
69 0.709577
70 0.709094
71 0.708611
72 0.708132
73 0.707656
74 0.707183
75 0.706715
76 0.70625
77 0.705788
78 0.705329
79 0.70487
80 0.704407
81 0.703907
82 0.70335
83 0.702693
84 0.701981
85 0.701431
86 0.700987
87 0.700567
88 0.700154
89 0.699747
90 0.699344
91 0.698949
92 0.698574
93 0.698262
94 0.698115
95 0.697967
96 0.697771
97 0.697608
98 0.697695
99 0.697885
100 0.697873
101 0.697523
102 0.697175
103 0.696826
104 0.696474
105 0.696107
106 0.695814
107 0.695552
108 0.695505
109 0.695724
110 0.696354
111 0.697304
112 0.697636
113 0.697312
114 0.696449
115 0.695309
116 0.694375
117 0.693206
118 0.692021
119 0.691121
120 0.690589
121 0.690168
122 0.689827
123 0.689534
124 0.689274
125 0.689082
126 0.688895
127 0.688814
128 0.68865
129 0.688402
130 0.688168
131 0.687907
132 0.68764
133 0.687384
134 0.687129
135 0.686868
136 0.686615
137 0.686362
138 0.686109
139 0.685859
140 0.685612
141 0.685368
142 0.685127
143 0.684889
144 0.684654
145 0.684422
146 0.684193
147 0.683967
148 0.683744
149 0.683524
150 0.683307
151 0.683092
152 0.68288
153 0.682671
154 0.682465
155 0.682261
156 0.68206
157 0.681862
158 0.681667
159 0.681474
160 0.681283
161 0.681095
162 0.68091
163 0.680727
164 0.680546
165 0.680368
166 0.680193
167 0.68002
168 0.679849
169 0.67968
170 0.679514
171 0.67935
172 0.679189
173 0.679029
174 0.678872
175 0.678717
176 0.678564
177 0.678414
178 0.678265
179 0.678119
180 0.677975
181 0.677832
182 0.677692
183 0.677554
184 0.677418
185 0.677283
186 0.677151
187 0.677021
188 0.676892
189 0.676765
190 0.676641
191 0.676518
192 0.676397
193 0.676277
194 0.67616
195 0.676044
196 0.67593
197 0.675817
198 0.675707
199 0.675598
200 0.67549
201 0.675385
202 0.675281
203 0.675178
204 0.675077
205 0.674978
206 0.67488
207 0.674784
208 0.674689
209 0.674596
210 0.674504
211 0.674413
212 0.674324
213 0.674237
214 0.674151
215 0.674066
216 0.673982
217 0.6739
218 0.67382
219 0.67374
220 0.673662
221 0.673585
222 0.67351
223 0.673435
224 0.673362
225 0.67329
226 0.67322
227 0.67315
228 0.673082
229 0.673015
230 0.672949
231 0.672884
232 0.67282
233 0.672758
234 0.672696
235 0.672636
236 0.672576
237 0.672518
238 0.672461
239 0.672404
240 0.672349
241 0.672295
242 0.672241
243 0.672189
244 0.672138
245 0.672087
246 0.672038
247 0.671989
248 0.671942
249 0.671895
250 0.671849
251 0.671804
252 0.67176
253 0.671717
254 0.671674
255 0.671633
256 0.671592
257 0.671552
258 0.671513
259 0.671474
260 0.671437
261 0.6714
262 0.671364
263 0.671329
264 0.671294
265 0.67126
266 0.671227
267 0.671195
268 0.671163
269 0.671132
270 0.671102
271 0.671072
272 0.671044
273 0.671015
274 0.670988
275 0.670961
276 0.670935
277 0.670909
278 0.670884
279 0.670859
280 0.670836
281 0.670812
282 0.67079
283 0.670768
284 0.670746
285 0.670726
286 0.670705
287 0.670686
288 0.670666
289 0.670648
290 0.67063
291 0.670612
292 0.670595
293 0.670579
294 0.670563
295 0.670547
296 0.670532
297 0.670518
298 0.670504
299 0.67049
300 0.670477
301 0.670465
302 0.670453
303 0.670441
304 0.67043
305 0.67042
306 0.67041
307 0.6704
308 0.670391
309 0.670382
310 0.670374
311 0.670366
312 0.670358
313 0.670351
314 0.670345
315 0.670339
316 0.670333
317 0.670328
318 0.670323
319 0.670318
320 0.670314
321 0.67031
322 0.670307
323 0.670304
324 0.670302
325 0.6703
326 0.670298
327 0.670297
328 0.670296
329 0.670295
330 0.670295
331 0.670295
332 0.670296
333 0.670297
334 0.670298
335 0.6703
336 0.670302
337 0.670304
338 0.670307
339 0.67031
340 0.670314
341 0.670318
342 0.670322
343 0.670327
344 0.670332
345 0.670337
346 0.670343
347 0.670349
348 0.670356
349 0.670363
350 0.67037
351 0.670377
352 0.670385
353 0.670393
354 0.670402
355 0.670411
356 0.67042
357 0.67043
358 0.67044
359 0.67045
360 0.670461
361 0.670472
362 0.670484
363 0.670496
364 0.670508
365 0.67052
366 0.670533
367 0.670546
368 0.67056
369 0.670574
370 0.670588
371 0.670603
372 0.670618
373 0.670633
374 0.670649
375 0.670665
376 0.670682
377 0.670699
378 0.670716
379 0.670733
380 0.670751
381 0.67077
382 0.670789
383 0.670808
384 0.670827
385 0.670847
386 0.670867
387 0.670888
388 0.670909
389 0.67093
390 0.670952
391 0.670974
392 0.670997
393 0.671019
394 0.671043
395 0.671066
396 0.67109
397 0.671115
398 0.67114
399 0.671165
400 0.671191
401 0.671217
402 0.671243
403 0.67127
404 0.671297
405 0.671325
406 0.671353
407 0.671382
408 0.671411
409 0.67144
410 0.67147
411 0.6715
412 0.67153
413 0.671561
414 0.671593
415 0.671625
416 0.671657
417 0.67169
418 0.671723
419 0.671756
420 0.671791
421 0.671825
422 0.67186
423 0.671895
424 0.671931
425 0.671967
426 0.672004
427 0.672041
428 0.672078
429 0.672116
430 0.672155
431 0.672194
432 0.672233
433 0.672273
434 0.672313
435 0.672354
436 0.672395
437 0.672437
438 0.672479
439 0.672521
440 0.672564
441 0.672607
442 0.672651
443 0.672696
444 0.672741
445 0.672786
446 0.672831
447 0.672878
448 0.672924
449 0.672971
450 0.673019
451 0.673067
452 0.673115
453 0.673164
454 0.673214
455 0.673264
456 0.673314
457 0.673365
458 0.673416
459 0.673468
460 0.67352
461 0.673572
462 0.673626
463 0.673679
464 0.673733
465 0.673787
466 0.673842
467 0.673898
468 0.673953
469 0.674009
470 0.674066
471 0.674123
472 0.674181
473 0.674238
474 0.674297
475 0.674356
476 0.674415
477 0.674474
478 0.674534
479 0.674595
480 0.674656
481 0.674717
482 0.674779
483 0.674841
484 0.674903
485 0.674966
486 0.675029
487 0.675093
488 0.675157
489 0.675221
490 0.675286
491 0.675351
492 0.675416
493 0.675482
494 0.675548
495 0.675615
496 0.675681
497 0.675748
498 0.675816
499 0.675884
500 0.675952
501 0.67602
502 0.676089
503 0.676158
504 0.676227
505 0.676297
506 0.676366
507 0.676436
508 0.676507
509 0.676577
510 0.676648
511 0.676719
512 0.67679
513 0.676862
514 0.676934
515 0.677006
516 0.677078
517 0.67715
518 0.677223
519 0.677295
520 0.677368
521 0.677441
522 0.677514
523 0.677588
524 0.677661
525 0.677734
526 0.677808
527 0.677882
528 0.677956
529 0.67803
530 0.678104
531 0.678178
532 0.678252
533 0.678326
534 0.6784
535 0.678475
536 0.678549
537 0.678623
538 0.678698
539 0.678772
540 0.678847
541 0.678921
542 0.678995
543 0.679069
544 0.679144
545 0.679218
546 0.679292
547 0.679366
548 0.67944
549 0.679514
550 0.679588
551 0.679661
552 0.679735
553 0.679809
554 0.679882
555 0.679955
556 0.680028
557 0.680101
558 0.680174
559 0.680246
560 0.680319
561 0.680391
562 0.680463
563 0.680535
564 0.680606
565 0.680678
566 0.680749
567 0.68082
568 0.680891
569 0.680961
570 0.681031
571 0.681101
572 0.681171
573 0.68124
574 0.68131
575 0.681378
576 0.681447
577 0.681515
578 0.681583
579 0.681651
580 0.681718
581 0.681785
582 0.681852
583 0.681919
584 0.681985
585 0.68205
586 0.682116
587 0.682181
588 0.682245
589 0.68231
590 0.682374
591 0.682437
592 0.6825
593 0.682563
594 0.682626
595 0.682688
596 0.682749
597 0.682811
598 0.682871
599 0.682932
600 0.682992
601 0.683052
602 0.683111
603 0.68317
604 0.683228
605 0.683286
606 0.683344
607 0.683401
608 0.683458
609 0.683513
610 0.683569
611 0.683625
612 0.683679
613 0.683731
614 0.683782
615 0.683843
616 0.683895
617 0.683949
618 0.684005
619 0.684059
620 0.684112
621 0.684162
622 0.684202
623 0.684244
624 0.684287
625 0.684333
626 0.684379
627 0.684427
628 0.684475
629 0.684524
630 0.684573
631 0.684623
632 0.684672
633 0.684723
634 0.684776
635 0.684828
636 0.684882
637 0.684934
638 0.684985
639 0.685035
640 0.685087
641 0.685139
642 0.685192
643 0.685246
644 0.685283
645 0.685328
646 0.685374
647 0.685415
648 0.685457
649 0.685501
650 0.685543
651 0.685589
652 0.685636
653 0.685685
654 0.685736
655 0.685788
656 0.685845
657 0.685901
658 0.68595
659 0.685997
660 0.686044
661 0.686089
662 0.686135
663 0.686176
664 0.686216
665 0.686241
666 0.686261
667 0.686289
668 0.686343
669 0.686379
670 0.686394
671 0.686418
672 0.686428
673 0.686453
674 0.68647
675 0.686486
676 0.686512
677 0.686528
678 0.686544
679 0.686555
680 0.686557
681 0.686559
682 0.686585
683 0.686602
684 0.686597
685 0.686605
686 0.686628
687 0.686649
688 0.686673
689 0.686694
690 0.686723
691 0.686757
692 0.68678
693 0.686809
694 0.686839
695 0.686869
696 0.686893
697 0.686915
698 0.686939
699 0.686959
700 0.686976
701 0.686985
702 0.686988
703 0.687004
704 0.687021
705 0.687039
706 0.687084
707 0.687133
708 0.687187
709 0.687243
710 0.687305
711 0.687368
712 0.687431
713 0.687487
714 0.687545
715 0.687596
716 0.687641
717 0.687689
718 0.687736
719 0.687788
720 0.687843
721 0.687894
722 0.687938
723 0.687968
724 0.687986
725 0.687994
726 0.688008
727 0.687975
728 0.687969
729 0.687966
730 0.687952
731 0.687943
732 0.687935
733 0.687928
734 0.687941
735 0.687951
736 0.687949
737 0.687953
738 0.687934
739 0.687943
740 0.687971
741 0.687964
742 0.687981
743 0.688007
744 0.688003
745 0.688018
746 0.688051
747 0.688052
748 0.688043
749 0.688009
750 0.687949
751 0.687908
752 0.687895
753 0.687888
754 0.687879
755 0.687866
756 0.687861
757 0.687865
758 0.687851
759 0.68784
760 0.687839
761 0.687835
762 0.687827
763 0.687839
764 0.687828
765 0.687832
766 0.687827
767 0.687824
768 0.687835
769 0.687829
770 0.687859
771 0.6879
772 0.687937
773 0.687925
774 0.687946
775 0.687974
776 0.687975
777 0.687969
778 0.687967
779 0.687989
780 0.688009
781 0.687997
782 0.687993
783 0.688024
784 0.688039
785 0.688048
786 0.688057
787 0.688048
788 0.688018
789 0.687962
790 0.687918
791 0.687901
792 0.6879
793 0.687897
794 0.687881
795 0.687872
796 0.687863
797 0.68788
798 0.687869
799 0.687861
800 0.687857
801 0.687851
802 0.68786
803 0.687865
804 0.687895
805 0.687915
806 0.687935
807 0.687955
808 0.687962
809 0.687992
810 0.687989
811 0.688034
812 0.688051
813 0.688064
814 0.688084
815 0.688103
816 0.688087
817 0.688073
818 0.688094
819 0.68811
820 0.688098
821 0.688084
822 0.68806
823 0.688049
824 0.688057
825 0.688056
826 0.688055
827 0.688042
828 0.68804
829 0.688037
830 0.688039
831 0.688055
832 0.688057
833 0.688047
834 0.688036
835 0.688022
836 0.688018
837 0.688024
838 0.688026
839 0.688028
840 0.688019
841 0.688016
842 0.688009
843 0.688002
844 0.687995
845 0.687995
846 0.687997
847 0.687994
848 0.687996
849 0.687997
850 0.687986
851 0.687999
852 0.687998
853 0.687997
854 0.687987
855 0.687979
856 0.687971
857 0.687963
858 0.687953
859 0.687956
860 0.687953
861 0.687953
862 0.687959
863 0.687954
864 0.687946
865 0.687948
866 0.687943
867 0.687944
868 0.687945
869 0.687945
870 0.687948
871 0.687954
872 0.687954
873 0.687959
874 0.687967
875 0.687981
876 0.687996
877 0.68802
878 0.688058
879 0.688117
880 0.688196
881 0.688252
882 0.688322
883 0.688375
884 0.688416
885 0.688471
886 0.688526
887 0.688544
888 0.68859
889 0.688654
890 0.688713
891 0.688795
892 0.688935
893 0.689175
894 0.689495
895 0.689658
896 0.689843
897 0.69001
898 0.690169
899 0.690367
900 0.690575
901 0.690837
902 0.691091
903 0.691329
904 0.691611
905 0.691797
906 0.692127
907 0.692561
908 0.693134
909 0.693522
910 0.694029
911 0.694576
912 0.69506
913 0.695566
914 0.696044
915 0.696457
916 0.696821
917 0.69705
918 0.697239
919 0.697403
920 0.697532
921 0.697651
922 0.697758
923 0.697853
924 0.697886
925 0.69787
926 0.697799
927 0.697719
928 0.697684
929 0.697633
930 0.697578
931 0.697692
932 0.697802
933 0.698025
934 0.697945
935 0.697955
936 0.697941
937 0.697852
938 0.697833
939 0.697844
940 0.697816
941 0.697766
942 0.697704
943 0.697655
944 0.69754
945 0.697509
946 0.697357
947 0.697231
948 0.697181
949 0.697152
950 0.697099
951 0.697024
952 0.696954
953 0.696938
954 0.696854
955 0.696776
956 0.696711
957 0.696582
958 0.696507
959 0.69641
960 0.696384
961 0.696323
962 0.696266
963 0.696104
964 0.695937
965 0.695809
966 0.695668
967 0.695544
968 0.695476
969 0.69541
970 0.695332
971 0.695245
972 0.695149
973 0.695071
974 0.694995
975 0.694902
976 0.694773
977 0.694762
978 0.694775
979 0.694675
980 0.694649
981 0.694568
982 0.694447
983 0.694337
984 0.69426
985 0.69421
986 0.694162
987 0.69412
988 0.694092
989 0.694103
990 0.694077
991 0.694105
992 0.694025
993 0.694031
994 0.694015
995 0.694039
996 0.694087
997 0.694092
998 0.694037
999 0.693942
1000 0.693811
