1 0.733621
2 0.733453
3 0.733287
4 0.733121
5 0.732956
6 0.732791
7 0.732627
8 0.732463
9 0.732299
10 0.732136
11 0.731972
12 0.731809
13 0.731646
14 0.731483
15 0.73132
16 0.731156
17 0.730993
18 0.730829
19 0.730664
20 0.730497
21 0.73033
22 0.730161
23 0.729992
24 0.729821
25 0.729649
26 0.729474
27 0.729298
28 0.729119
29 0.728938
30 0.728754
31 0.728568
32 0.728378
33 0.728184
34 0.727987
35 0.727785
36 0.72758
37 0.727372
38 0.727159
39 0.726943
40 0.726722
41 0.726497
42 0.726267
43 0.726033
44 0.725793
45 0.725549
46 0.7253
47 0.725047
48 0.724788
49 0.724525
50 0.724258
51 0.723986
52 0.723709
53 0.723428
54 0.723143
55 0.722853
56 0.722559
57 0.72226
58 0.721957
59 0.721651
60 0.721341
61 0.721028
62 0.720712
63 0.720391
64 0.720068
65 0.719741
66 0.719411
67 0.719079
68 0.718743
69 0.718405
70 0.718064
71 0.717721
72 0.717376
73 0.717029
74 0.71668
75 0.716329
76 0.715977
77 0.715623
78 0.715267
79 0.714911
80 0.714553
81 0.714195
82 0.713836
83 0.713476
84 0.713116
85 0.712756
86 0.712395
87 0.712035
88 0.711675
89 0.711314
90 0.710954
91 0.710595
92 0.710236
93 0.709877
94 0.709518
95 0.709159
96 0.708801
97 0.708444
98 0.708087
99 0.707731
100 0.707375
101 0.70702
102 0.706664
103 0.706309
104 0.705953
105 0.705598
106 0.705243
107 0.704888
108 0.704532
109 0.704177
110 0.703822
111 0.703467
112 0.703112
113 0.702756
114 0.7024
115 0.702044
116 0.701688
117 0.701332
118 0.700975
119 0.700617
120 0.700259
121 0.699901
122 0.699543
123 0.699183
124 0.698823
125 0.698462
126 0.698101
127 0.697739
128 0.697376
129 0.697013
130 0.696649
131 0.696285
132 0.695921
133 0.695556
134 0.695191
135 0.694825
136 0.694459
137 0.694093
138 0.693726
139 0.69336
140 0.692993
141 0.692625
142 0.692259
143 0.691891
144 0.691524
145 0.691157
146 0.690789
147 0.690421
148 0.690053
149 0.689686
150 0.689318
151 0.68895
152 0.688583
153 0.688215
154 0.687846
155 0.687478
156 0.687109
157 0.686739
158 0.68637
159 0.686
160 0.685631
161 0.685261
162 0.684892
163 0.684523
164 0.684154
165 0.683784
166 0.683415
167 0.683046
168 0.682677
169 0.682309
170 0.681941
171 0.681573
172 0.681206
173 0.680839
174 0.680472
175 0.680106
176 0.67974
177 0.679375
178 0.679009
179 0.678645
180 0.678281
181 0.677918
182 0.677556
183 0.677194
184 0.676833
185 0.676472
186 0.676114
187 0.675756
188 0.675399
189 0.675043
190 0.674688
191 0.674335
192 0.673982
193 0.673631
194 0.67328
195 0.672931
196 0.672583
197 0.672236
198 0.671891
199 0.671546
200 0.671203
201 0.670861
202 0.67052
203 0.67018
204 0.669842
205 0.669505
206 0.669169
207 0.668834
208 0.6685
209 0.668166
210 0.667834
211 0.667502
212 0.667172
213 0.666842
214 0.666513
215 0.666185
216 0.665858
217 0.665531
218 0.665205
219 0.664879
220 0.664555
221 0.664231
222 0.663907
223 0.663585
224 0.663264
225 0.662943
226 0.662623
227 0.662305
228 0.661987
229 0.66167
230 0.661355
231 0.66104
232 0.660727
233 0.660414
234 0.660103
235 0.659793
236 0.659484
237 0.659176
238 0.658869
239 0.658564
240 0.65826
241 0.657957
242 0.657655
243 0.657354
244 0.657055
245 0.656757
246 0.65646
247 0.656164
248 0.655869
249 0.655575
250 0.655283
251 0.654991
252 0.654701
253 0.654411
254 0.654123
255 0.653836
256 0.653549
257 0.653264
258 0.65298
259 0.652696
260 0.652414
261 0.652132
262 0.651851
263 0.651571
264 0.651291
265 0.651012
266 0.650733
267 0.650455
268 0.650177
269 0.6499
270 0.649624
271 0.649348
272 0.649073
273 0.648798
274 0.648523
275 0.648248
276 0.647975
277 0.647701
278 0.647428
279 0.647155
280 0.646882
281 0.646609
282 0.646336
283 0.646063
284 0.64579
285 0.645517
286 0.645243
287 0.64497
288 0.644697
289 0.644424
290 0.644151
291 0.643878
292 0.643605
293 0.643333
294 0.64306
295 0.642787
296 0.642514
297 0.642241
298 0.641968
299 0.641695
300 0.641422
301 0.641148
302 0.640876
303 0.640603
304 0.64033
305 0.640058
306 0.639785
307 0.639513
308 0.63924
309 0.638968
310 0.638696
311 0.638424
312 0.638152
313 0.637881
314 0.637609
315 0.637338
316 0.637067
317 0.636796
318 0.636526
319 0.636255
320 0.635985
321 0.635715
322 0.635445
323 0.635175
324 0.634905
325 0.634635
326 0.634366
327 0.634097
328 0.633827
329 0.633558
330 0.633289
331 0.63302
332 0.632751
333 0.632483
334 0.632214
335 0.631946
336 0.631678
337 0.63141
338 0.631142
339 0.630875
340 0.630607
341 0.63034
342 0.630073
343 0.629807
344 0.62954
345 0.629274
346 0.629008
347 0.628742
348 0.628477
349 0.628211
350 0.627947
351 0.627682
352 0.627417
353 0.627153
354 0.626889
355 0.626625
356 0.626362
357 0.626098
358 0.625835
359 0.625572
360 0.62531
361 0.625047
362 0.624785
363 0.624523
364 0.624261
365 0.624
366 0.623739
367 0.623478
368 0.623218
369 0.622958
370 0.622698
371 0.622439
372 0.62218
373 0.621921
374 0.621662
375 0.621404
376 0.621146
377 0.620889
378 0.620632
379 0.620375
380 0.620118
381 0.619861
382 0.619605
383 0.619349
384 0.619094
385 0.618838
386 0.618583
387 0.618329
388 0.618075
389 0.617821
390 0.617567
391 0.617314
392 0.617061
393 0.616809
394 0.616557
395 0.616305
396 0.616054
397 0.615803
398 0.615552
399 0.615302
400 0.615053
401 0.614803
402 0.614554
403 0.614306
404 0.614058
405 0.61381
406 0.613563
407 0.613316
408 0.61307
409 0.612824
410 0.612579
411 0.612335
412 0.61209
413 0.611847
414 0.611604
415 0.611361
416 0.611119
417 0.610877
418 0.610636
419 0.610395
420 0.610156
421 0.609916
422 0.609677
423 0.609439
424 0.609202
425 0.608964
426 0.608728
427 0.608492
428 0.608257
429 0.608022
430 0.607788
431 0.607555
432 0.607322
433 0.60709
434 0.606859
435 0.606629
436 0.606399
437 0.60617
438 0.605942
439 0.605715
440 0.605488
441 0.605262
442 0.605036
443 0.604812
444 0.604588
445 0.604365
446 0.604142
447 0.603921
448 0.6037
449 0.60348
450 0.603261
451 0.603042
452 0.602825
453 0.602608
454 0.602392
455 0.602177
456 0.601963
457 0.601749
458 0.601537
459 0.601325
460 0.601114
461 0.600904
462 0.600694
463 0.600486
464 0.600279
465 0.600072
466 0.599866
467 0.599661
468 0.599457
469 0.599254
470 0.599051
471 0.59885
472 0.598649
473 0.598449
474 0.598251
475 0.598053
476 0.597856
477 0.59766
478 0.597464
479 0.59727
480 0.597077
481 0.596885
482 0.596693
483 0.596503
484 0.596313
485 0.596124
486 0.595937
487 0.59575
488 0.595564
489 0.595379
490 0.595195
491 0.595012
492 0.59483
493 0.594649
494 0.594469
495 0.594289
496 0.594111
497 0.593934
498 0.593757
499 0.593582
500 0.593407
501 0.593234
502 0.593061
503 0.59289
504 0.592719
505 0.59255
506 0.592381
507 0.592214
508 0.592047
509 0.591881
510 0.591717
511 0.591553
512 0.59139
513 0.591228
514 0.591067
515 0.590907
516 0.590748
517 0.590591
518 0.590433
519 0.590277
520 0.590122
521 0.589968
522 0.589815
523 0.589663
524 0.589512
525 0.589361
526 0.589212
527 0.589064
528 0.588916
529 0.58877
530 0.588625
531 0.58848
532 0.588337
533 0.588194
534 0.588053
535 0.587912
536 0.587773
537 0.587634
538 0.587496
539 0.587359
540 0.587223
541 0.587088
542 0.586954
543 0.586821
544 0.586688
545 0.586557
546 0.586427
547 0.586297
548 0.586168
549 0.586041
550 0.585914
551 0.585788
552 0.585663
553 0.585539
554 0.585415
555 0.585293
556 0.585172
557 0.585051
558 0.584931
559 0.584813
560 0.584695
561 0.584578
562 0.584461
563 0.584346
564 0.584231
565 0.584118
566 0.584005
567 0.583893
568 0.583782
569 0.583672
570 0.583562
571 0.583454
572 0.583346
573 0.583239
574 0.583133
575 0.583028
576 0.582924
577 0.582821
578 0.582718
579 0.582617
580 0.582516
581 0.582416
582 0.582316
583 0.582218
584 0.58212
585 0.582023
586 0.581927
587 0.581832
588 0.581737
589 0.581643
590 0.58155
591 0.581458
592 0.581367
593 0.581276
594 0.581186
595 0.581097
596 0.581009
597 0.580921
598 0.580834
599 0.580748
600 0.580662
601 0.580578
602 0.580494
603 0.580411
604 0.580328
605 0.580246
606 0.580165
607 0.580085
608 0.580005
609 0.579926
610 0.579848
611 0.57977
612 0.579694
613 0.579617
614 0.579542
615 0.579467
616 0.579393
617 0.57932
618 0.579247
619 0.579175
620 0.579104
621 0.579033
622 0.578963
623 0.578894
624 0.578825
625 0.578757
626 0.578689
627 0.578623
628 0.578556
629 0.578491
630 0.578426
631 0.578362
632 0.578298
633 0.578235
634 0.578173
635 0.578111
636 0.57805
637 0.577989
638 0.577929
639 0.57787
640 0.577811
641 0.577753
642 0.577695
643 0.577638
644 0.577582
645 0.577526
646 0.577471
647 0.577416
648 0.577362
649 0.577308
650 0.577255
651 0.577203
652 0.577151
653 0.577099
654 0.577048
655 0.576998
656 0.576948
657 0.576899
658 0.57685
659 0.576802
660 0.576755
661 0.576707
662 0.576661
663 0.576614
664 0.576569
665 0.576524
666 0.576479
667 0.576435
668 0.576391
669 0.576348
670 0.576305
671 0.576263
672 0.576221
673 0.57618
674 0.576139
675 0.576098
676 0.576058
677 0.576019
678 0.57598
679 0.575941
680 0.575903
681 0.575866
682 0.575828
683 0.575792
684 0.575755
685 0.575719
686 0.575684
687 0.575649
688 0.575614
689 0.57558
690 0.575546
691 0.575513
692 0.575479
693 0.575447
694 0.575415
695 0.575383
696 0.575351
697 0.57532
698 0.575289
699 0.575259
700 0.575229
701 0.5752
702 0.575171
703 0.575142
704 0.575113
705 0.575085
706 0.575058
707 0.57503
708 0.575004
709 0.574977
710 0.574951
711 0.574925
712 0.574899
713 0.574874
714 0.574849
715 0.574824
716 0.5748
717 0.574776
718 0.574752
719 0.574729
720 0.574706
721 0.574683
722 0.574661
723 0.574639
724 0.574617
725 0.574595
726 0.574574
727 0.574553
728 0.574533
729 0.574512
730 0.574492
731 0.574472
732 0.574453
733 0.574434
734 0.574415
735 0.574396
736 0.574378
737 0.574359
738 0.574342
739 0.574324
740 0.574306
741 0.574289
742 0.574272
743 0.574256
744 0.574239
745 0.574223
746 0.574207
747 0.574191
748 0.574176
749 0.574161
750 0.574146
751 0.574131
752 0.574116
753 0.574102
754 0.574088
755 0.574074
756 0.57406
757 0.574047
758 0.574033
759 0.57402
760 0.574007
761 0.573994
762 0.573982
763 0.57397
764 0.573957
765 0.573945
766 0.573934
767 0.573922
768 0.573911
769 0.573899
770 0.573888
771 0.573877
772 0.573867
773 0.573856
774 0.573846
775 0.573835
776 0.573825
777 0.573815
778 0.573806
779 0.573796
780 0.573786
781 0.573777
782 0.573768
783 0.573759
784 0.57375
785 0.573741
786 0.573733
787 0.573724
788 0.573716
789 0.573708
790 0.573699
791 0.573692
792 0.573684
793 0.573676
794 0.573668
795 0.573661
796 0.573654
797 0.573646
798 0.573639
799 0.573632
800 0.573625
801 0.573619
802 0.573612
803 0.573605
804 0.573599
805 0.573593
806 0.573586
807 0.57358
808 0.573574
809 0.573568
810 0.573563
811 0.573557
812 0.573551
813 0.573546
814 0.57354
815 0.573535
816 0.57353
817 0.573524
818 0.573519
819 0.573514
820 0.573509
821 0.573504
822 0.5735
823 0.573495
824 0.57349
825 0.573486
826 0.573481
827 0.573477
828 0.573472
829 0.573468
830 0.573464
831 0.57346
832 0.573456
833 0.573452
834 0.573448
835 0.573444
836 0.57344
837 0.573436
838 0.573433
839 0.573429
840 0.573425
841 0.573422
842 0.573418
843 0.573415
844 0.573412
845 0.573408
846 0.573405
847 0.573402
848 0.573399
849 0.573396
850 0.573393
851 0.57339
852 0.573387
853 0.573384
854 0.573381
855 0.573378
856 0.573376
857 0.573373
858 0.57337
859 0.573368
860 0.573365
861 0.573363
862 0.57336
863 0.573358
864 0.573355
865 0.573353
866 0.57335
867 0.573348
868 0.573346
869 0.573344
870 0.573341
871 0.573339
872 0.573337
873 0.573335
874 0.573333
875 0.573331
876 0.573329
877 0.573327
878 0.573325
879 0.573323
880 0.573321
881 0.57332
882 0.573318
883 0.573316
884 0.573314
885 0.573313
886 0.573311
887 0.573309
888 0.573308
889 0.573306
890 0.573304
891 0.573303
892 0.573301
893 0.5733
894 0.573298
895 0.573297
896 0.573295
897 0.573294
898 0.573293
899 0.573291
900 0.57329
901 0.573288
902 0.573287
903 0.573286
904 0.573285
905 0.573283
906 0.573282
907 0.573281
908 0.57328
909 0.573279
910 0.573277
911 0.573276
912 0.573275
913 0.573274
914 0.573273
915 0.573272
916 0.573271
917 0.57327
918 0.573269
919 0.573268
920 0.573267
921 0.573266
922 0.573265
923 0.573264
924 0.573263
925 0.573262
926 0.573261
927 0.57326
928 0.57326
929 0.573259
930 0.573258
931 0.573257
932 0.573256
933 0.573256
934 0.573255
935 0.573254
936 0.573253
937 0.573252
938 0.573252
939 0.573251
940 0.57325
941 0.57325
942 0.573249
943 0.573248
944 0.573248
945 0.573247
946 0.573246
947 0.573246
948 0.573245
949 0.573244
950 0.573244
951 0.573243
952 0.573242
953 0.573242
954 0.573241
955 0.573241
956 0.57324
957 0.57324
958 0.573239
959 0.573239
960 0.573238
961 0.573238
962 0.573237
963 0.573237
964 0.573236
965 0.573236
966 0.573235
967 0.573235
968 0.573234
969 0.573234
970 0.573233
971 0.573233
972 0.573232
973 0.573232
974 0.573232
975 0.573231
976 0.573231
977 0.57323
978 0.57323
979 0.57323
980 0.573229
981 0.573229
982 0.573228
983 0.573228
984 0.573228
985 0.573227
986 0.573227
987 0.573227
988 0.573226
989 0.573226
990 0.573226
991 0.573225
992 0.573225
993 0.573225
994 0.573225
995 0.573224
996 0.573224
997 0.573224
998 0.573223
999 0.573223
1000 0.573223
